Current	NuR	Gamma	Fp	C
1.4	8412183783.32354	116645389889.849	5355528380.05109	1.77828553059065
1.8	6539159547.8144	35846701090.6916	16703397510.523	1.95023406179548
10.4	20897773556.9628	124724864888.179	16977997392.0061	2.68085266186011
12.9	21995101257.4046	137799813765.669	16758096659.0426	2.38107886120489
15.6	21988387092.3895	147071709767.323	17800139339.3161	1.82989830369706
2.5	9276896497.71968	37161197791.1266	15220416254.0057	2.10682090059559
3.5	12093980306.5208	50007455083.008	14479008649.1086	2.28390566108235
4.8	14936577728.6941	68487777071.758	14302571392.2186	2.71770279651759
6.4	17546081514.0292	88245424672.703	14434465049.8521	3.02346478783934
8.3	19472422816.3793	106135607329.57	15524604832.73	2.89277300891536
