Frequency	M6082_13_13_2_2_20C_1_4mA__17_5dBm2_1_1_S2P	M6082_13_13_2_2_20C_1_8mA__17_5dBm_1_1_S2P	M6082_13_13_2_2_20C_10_0mA__17_5dBm_1_1_S2P	M6082_13_13_2_2_20C_10_4mA__17_5dBm_1_1_S2P	M6082_13_13_2_2_20C_2_5mA__17_5dBm_1_1_S2P	M6082_13_13_2_2_20C_3_5mA__17_5dBm_1_1_S2P	M6082_13_13_2_2_20C_4_8mA__17_5dBm_1_1_S2P	M6082_13_13_2_2_20C_6_4mA__17_5dBm_1_1_S2P	M6082_13_13_2_2_20C_8_3mA__17_5dBm_1_1_S2P
45000000	-1.38910115300001	-3.015004255	-0.697025425000007	-0.794303027000005	-1.25467288700001	-0.558686373	0.840531792999997	1.83008839799999	1.52431439599999
177500000	-4.423299955	-2.483334142	-0.200418658000004	-0.246766824000005	-2.107443528	-0.472783807000006	-0.262901237000001	-0.390523064	0.140769705999993
310000000	-2.889148189	-2.97579465800001	-0.214252543000001	-0.209157077	-1.758641215	-1.204379203	-0.540611196	-0.185522931000001	-0.261886165
442500000	-3.755129285	-1.75560717	0.700520133999994	0.483490162999999	-0.833295448000001	0.165007128999996	0.683931105999996	1.05835082399999	0.961092911999998
575000000	-3.960889634	-1.965651311	0.132461878999997	-0.222114577000006	-1.687475794	-0.514074463	0.185881597999995	0.606683179999997	0.455860760999997
707500000	-4.54916568334212	-2.25198541534211	0.0245331056578877	-0.153944330342114	-1.81755407134212	-0.822385808342119	-0.0143192943421155	0.359197619657884	0.373607919657886
840000000	-4.45283470351179	-2.23178574751179	-0.0957058905117947	-0.108566818511797	-1.80319941951179	-0.742669468511792	-0.215978384511793	0.0648615184882075	0.231707621488205
972500000	-4.27744436547993	-2.39142269547993	-0.13645851547993	-0.203747322479934	-1.95856298847993	-0.927585468479933	-0.283913359479932	0.0860029095200687	0.321959748520072
1105000000	-4.67150581273995	-2.30215400273995	-0.364767926739951	-0.192986201739949	-1.94740850973995	-0.937794649739949	-0.280217034739948	0.167137768260048	0.182692237260049
1237500000	-4.85832547439221	-2.35383160339222	-0.239290480392214	-0.291606671392216	-1.96005623939222	-1.03839625439221	-0.270134383392211	0.0334161536077886	0.155598780607789
1370000000	-4.41166521992223	-2.21381979092222	-0.263054233922226	-0.228351379922223	-2.06172941992222	-1.05940266292222	-0.232994309922226	-0.0142789269222234	0.0625102980777754
1502500000	-4.31486692647869	-2.28454808447869	-0.204538727478692	-0.225178640478696	-1.93187541747869	-1.0929097484787	-0.402111656478695	0.105857168521304	0.0335261735213095
1635000000	-4.75349270436407	-2.20950533336407	-0.272126261364072	-0.304292772364072	-1.92721771936407	-1.02997898036407	-0.355549366364066	0.026568899635933	0.157347373635929
1767500000	-4.23737323838213	-2.24158911938213	-0.302965188382132	-0.419076017382132	-1.92323348238213	-1.09970522638213	-0.294910806382134	-0.0887288633821299	0.0599224276178632
1900000000	-3.69188761426874	-1.90036276026874	-0.175121394268743	-0.25712053726874	-1.77458213126874	-1.15237854126875	-0.245648349268741	0.110092751731258	0.196156581731259
2032500000	-3.86137120566424	-2.11454567466424	-0.259414413664238	-0.251512393664235	-1.85179760266424	-1.31283611666424	-0.363256295664236	-0.00190436366423796	0.174252227335764
2165000000	-3.40027394931431	-1.87091521731431	-0.217780414314312	-0.484587594314313	-1.98366078331431	-1.42258761031431	-0.461797221314313	0.0310621126856887	-0.00118322931430725
2297500000	-2.52609984516959	-2.10060613416959	-0.252664917169589	-0.502670091169584	-1.94455560516958	-1.62698837016958	-0.339229021169587	0.0156655798304115	0.0665185738304146
2430000000	-2.49098796629277	-1.83707711229277	-0.406208779292768	-0.786839909292766	-1.85896115429276	-1.62382720229277	-0.487683390292766	-0.064700910292764	0.088211776707233
2562500000	-2.16479252558504	-1.84380897458504	-0.118364502585038	-0.405101448585036	-1.77792894058503	-1.63108124758504	-0.388379538585035	0.0907443314149603	0.101601838414965
2695000000	-1.46912209309345	-1.68641233409345	-0.511455507093451	-0.339241432093452	-1.72198529309345	-1.42889511109345	-0.269209531093452	0.0703554309065524	0.0580871109065484
2827500000	-1.0945876743691	-1.3670090273691	-0.4232514853691	-0.372223209369096	-1.5546133263691	-1.8147929043691	-0.261019874369097	0.177314265630898	0.0588172246309
2960000000	-1.24993135572304	-1.38038901472304	-0.255824006723039	-0.377227676723038	-1.46449128972304	-1.77035540872304	-0.18625898672304	0.0714078432769583	-0.0323143797230401
3092500000	-0.695543690845099	-1.3564206608451	-0.186037420845096	-0.476243733845095	-1.3809210858451	-1.6752228048451	-0.314862147845098	-0.0709476448450985	-0.0581924808451006
3225000000	-0.47550156159528	-1.14537935059528	-0.362841268595282	-0.41033403259528	-1.47200139759529	-1.88897143559528	-0.27155503059528	-0.00676300259528517	-0.0221861255952831
3357500000	-0.638605837535714	-1.12927937153572	-0.281156484535714	-0.467906914535718	-1.18770066853572	-1.77775697453571	-0.360024560535713	0.0908816384642819	0.0590398044642839
3490000000	-0.320579042127662	-0.704583534127664	-0.364446395127665	-0.515283224127664	-1.11123274612766	-1.53885696312766	-0.171979024127666	-0.166705113127662	0.0355059618723388
3622500000	-0.0483838179759388	-0.697961607975934	-0.396673773975934	-0.299218645975934	-0.970516421975937	-1.60552040297593	-0.239491026975934	0.202099929024065	0.154929869024066
3755000000	-1.03905664121068	-0.530710210210678	-0.00515686521067948	-0.36055176921068	-0.897957923210683	-1.65611010521068	-0.234613101210677	0.256635357789321	0.167430378789319
3887500000	-1.43583205264537	-0.510317523645377	-0.236336802645376	-0.185023476645377	-0.630807930645375	-1.57348018564537	-0.0229612616453778	0.194430828354626	0.0612391513546271
4020000000	-1.26009925390188	-0.127476937901889	-0.0986992159018882	-0.279087013901886	-0.621464618901889	-1.58426387990188	0.035656556098111	0.213845562098115	0.242541127098114
4152500000	-2.16212799371761	0.00543846528238845	-0.106143501717611	-0.130911714717612	-0.529360514717609	-1.44907300371761	0.0497804762823932	0.203782218282392	0.34752750428239
4285000000	-2.46311565298758	0.138977822012421	-0.0792975239875773	-0.075905753987584	-0.257682280987581	-1.26743574498758	0.0369800840124199	0.303022432012419	0.249498202012418
4417500000	-2.5095168321282	0.300685947871806	-0.0214581441281965	-0.142390265128199	-0.247943118128198	-1.1419164571282	0.0685303158718042	0.264758999871802	0.194505299871807
4550000000	-2.87650742461484	0.549844050385161	-0.294453994614841	-0.36750997461484	-0.167041056614835	-1.09059973961484	0.0129189963851601	0.241589463385161	0.18432541538516
4682500000	-4.25231208376878	0.629487589231225	-0.341987357768772	-0.350921642768775	-0.211458515768776	-0.735264655768773	-0.0832173047687732	0.138407925231228	0.00954471023122494
4815000000	-4.15738732493695	0.774919947063054	-0.209806231936945	-0.350712645936945	-0.166072456936945	-0.759034214936946	-0.00599594593694519	0.201396311063057	0.129400691063054
4947500000	-4.41249608986059	1.09003602113941	-0.210829528860593	-0.397132671860589	-0.123152113860591	-0.63733342986059	0.000612713139410914	0.188853388139407	0.132018689139407
5080000000	-5.43757142981367	1.15212206118633	-0.179183683813669	-0.264314448813671	0.101953274186329	-0.355143045813669	0.108911509186335	0.382219538186334	0.223801590186334
5212500000	-5.1501457421076	1.3021523108924	-0.138719052107604	-0.219383089107602	0.330415132892398	-0.176815041107602	0.274563806892395	0.341113020892394	0.294095818892394
5345000000	-5.01809100231523	1.49952518468477	-0.107415217315229	-0.168218345315232	0.519685864684767	-0.0916438463152289	0.320663406684773	0.454318355684769	0.325011223684768
5477500000	-5.98697398104427	1.23836272395572	-0.0415534880442721	-0.0786142510442716	0.518614419955725	0.0987000449557272	0.343780552955728	0.481973832955724	0.420174302955729
5610000000	-6.37043457760536	1.00232390539464	-0.080394971605358	-0.090174501605361	0.76446469439464	-0.0245760546053617	0.373293757394642	0.458038953394642	0.333128876394639
5742500000	-6.13499959193626	1.32042152306374	-0.126617275936255	-0.172139970936257	0.780194191063742	0.145949633063744	0.278298747063744	0.468694868063743	0.299110706063743
5875000000	-6.76147012608846	1.00757257191154	0.0255210419115386	-0.233494329088465	0.922604399911535	0.20970048991154	0.404289803911539	0.528062802911535	0.340328083911537
6007500000	-7.3824040709176	0.621404935082396	-0.171528181917601	-0.2593696749176	1.0066902680824	0.169708010082395	0.331887768082396	0.514514157082395	0.321330052082395
6140000000	-7.18926263758912	0.927595360410884	0.0162666144108812	-0.271157971589119	1.15587464441088	0.314643473410882	0.387359295410882	0.50790655841088	0.383319335410881
6272500000	-7.47932714742649	0.966407100573512	-0.0845363344264882	-0.183814871426485	1.24612557457351	0.349807748573511	0.471054879573515	0.459566717573516	0.39828338857351
6405000000	-7.9547291569526	0.528287428047406	-0.116805126952592	-0.189854260952593	1.37243168604741	0.450796743047405	0.496904223047409	0.578223544047404	0.343737843047407
6537500000	-7.93296927915968	0.475743154840316	-0.0963850441596819	-0.119531044159679	1.52806355384032	0.480006730840316	0.507900884840318	0.598238210840321	0.404166706840321
6670000000	-8.17609842805664	0.70213872094336	-0.079744601056646	-0.181302153056642	1.69230356094336	0.666788853943359	0.477488734943357	0.508268187943358	0.351782046943356
6802500000	-8.74254924460356	-0.122265646603559	-0.108220476603563	-0.219888069603563	1.58309726839644	0.634154263396439	0.545357702396437	0.566281794396438	0.335068268396441
6935000000	-9.46203578019731	-0.518911333197309	-0.0307643291973108	-0.215510898197309	1.62680653080269	0.706008650802687	0.647014028802687	0.588571070802693	0.342077630802692
7067500000	-9.15358201937735	-0.156792082377343	-0.0131930963773428	-0.173788447377341	1.93220091462265	0.945313982622658	0.692615147622654	0.67394686162266	0.479170518622659
7200000000	-9.33932121236282	-0.295243278362818	-0.0470643833628159	-0.0644501593628206	1.97806463963718	1.15380922663719	0.723862964637185	0.667940814637184	0.407535717637181
7332500000	-9.86123148692992	-0.810770636929924	0.0125848230700782	-0.0824528949299221	1.80424490207008	1.11732807307008	0.844238193070076	0.741620675070081	0.417598105070077
7465000000	-9.89266827625507	-0.661397074255071	-0.0557735912550683	-0.157383895255066	2.16647744074493	1.37414155874493	0.940524456744932	0.71951748174493	0.545463384744934
7597500000	-10.3872208257416	-0.530318736741613	0.0451632462583902	-0.0792273397416068	2.63989334325839	1.46604942825839	0.804799521258388	0.751397286258388	0.40320548525839
7730000000	-10.8055296478655	-1.55495987086552	-0.00984168786552431	-0.118768188865523	1.89903810813448	1.50952933713448	0.890858998134476	0.657188089134479	0.504216123134476
7862500000	-11.3465757412201	-1.96116855722014	0.00447949777986167	-0.13053171022014	1.89034509877986	1.67418951277986	0.903802800779864	0.753620399779862	0.515706912779862
7995000000	-11.1444875525761	-1.57912562257609	0.0198292164239078	-0.0900908245760945	2.7449850694239	1.79872926642391	0.960928088423906	0.752050776423907	0.431373828423908
8127500000	-11.7788829060139	-1.99889640901391	-0.0025216160139081	-0.132546171013907	2.39528545498609	1.9208811639861	0.945664866986093	0.78255895998609	0.460190893986095
8260000000	-12.3781041203807	-2.54496659138067	0.0378209986193312	-0.0956385333806722	2.13500357761933	1.93988577961933	1.10993587461933	0.815380111619326	0.529784319619331
8392500000	-11.8580523179657	-2.60508865396572	-0.0317855949657115	-0.0709272139657173	2.77741579303429	2.15709247103428	1.05512764503428	0.877036291034287	0.515179420034286
8525000000	-12.9246235764847	-3.0075842094847	0.0449738515152944	-0.0327318864847044	2.7632453575153	2.2775718415153	1.1282730735153	0.866783351515295	0.532539934515292
8657500000	-13.2990675951304	-3.72606216013037	0.123269636869622	0.0405615578696228	2.21129529986963	2.27403613886963	1.18490061786963	1.04033591486963	0.667058864869631
8790000000	-13.4243840113732	-3.66539224137316	0.0615471926268327	-0.022873884373162	2.49665838962684	2.45501987062683	1.25060188462684	0.817706533626833	0.577872718626836
8922500000	-14.0158382143557	-3.95566621735569	0.166650286644305	-0.0337694633556964	2.7514568386443	2.5884227146443	1.22690636664431	0.935112106644304	0.713302739644305
9055000000	-14.2469051999909	-4.39815865499091	0.121058291009092	-0.0387928699909068	2.37728909400909	2.69754128100909	1.35243100000909	0.943449307009089	0.688685252009094
9187500000	-14.1443331289203	-4.6215615129203	0.0538806400796972	0.0667588720796957	2.35465029307969	2.6928401820797	1.3970069990797	0.985152938079693	0.7099483170797
9320000000	-14.5450882694276	-4.79126349942758	0.18551831657242	-0.00119654742757547	2.38669652357242	2.79648231957242	1.29703677357242	1.07117282457242	0.688490310572419
9452500000	-14.7388667649079	-5.33440758590785	0.14307681209214	0.103756679092143	2.15580212409214	2.86593778309214	1.43378736809214	0.968772660092142	0.581212224092141
9585000000	-14.6648883491943	-5.63685269919427	0.15759472380573	-0.0750088951942729	1.90585511480573	2.93622491980573	1.48747557880573	1.27819031780573	0.710349855805731
9717500000	-14.6686048968542	-5.64086073885421	0.100920329145794	0.133534260145794	1.89410644414579	3.01447221414579	1.50434027314579	1.07309643014579	0.684247131145789
9850000000	-15.366473309637	-6.17606548963701	0.225976636362994	0.141877513362992	1.575809440363	2.93514641936299	1.57829440936299	1.08606027136299	0.731008389362991
9982500000	-15.5342136360404	-6.75365468704037	0.136946089959629	-0.0705055050403729	1.29164087395963	3.01174208795963	1.68452177495963	1.24145509795963	0.750261330959624
10115000000	-15.9611929548201	-6.91323985882011	0.131943075179898	0.0262580611798953	1.1987159541799	3.0800549081799	1.6108130211799	1.13416276517989	0.7599481261799
10247500000	-16.0546727057309	-7.38708959973094	0.216192839269063	-0.019936979730943	0.84507007626906	3.02041874826906	1.76109829626906	1.21420234526906	0.693812612269063
10380000000	-16.8710722179242	-7.48575691792416	0.211544448075834	0.0966480350758374	0.498324463075839	2.94179944007583	1.68351743907584	1.24901245007584	0.732636113075834
10512500000	-17.0021327966771	-7.8837759056771	0.154679368322896	-0.0591123896771109	0.368937080322894	2.96470448632289	1.70675974032289	1.25454221932289	0.789177856322894
10645000000	-17.0574929507521	-8.03124924175206	0.15021492524793	-0.0254578127520659	0.19728018624793	2.95810079624793	1.78541552324793	1.29123467624793	0.783124818247934
10777500000	-17.9174017813393	-8.37255416833931	0.206349936660686	0.112115579660689	-0.30006883733931	2.81079262966069	1.77465003466069	1.28562313866069	0.803558882660688
10910000000	-16.9944384994669	-8.87407894646687	0.321665571533124	0.084111634533123	-0.417412134466872	2.70792419653313	1.84496430553313	1.31021340353313	0.817951653533122
11042500000	-17.563670517882	-9.18905008288198	0.138564487118011	0.106774695118013	-0.81879833088199	2.68890745811802	1.84167805811801	1.29084989111801	0.761817513118011
11175000000	-18.5859680694036	-9.03267844040362	0.236087938596377	0.10852628259638	-1.08108663740362	2.50619401359638	1.90332484159638	1.40820504959638	0.796280708596377
11307500000	-18.8476507677014	-9.67770650970139	0.3198136152986	0.1803020892986	-1.5623464857014	2.33947251229861	1.9805843762986	1.3723149422986	0.877233004298603
11440000000	-19.0331994574055	-9.8823723114055	0.334511450594498	0.232841101594502	-1.5980208854055	2.2208055545945	1.9831960045945	1.4359502975945	0.992471208594502
11572500000	-19.3066770876523	-10.4385155296523	0.283347349347729	0.136852979347729	-2.02623359065227	1.97013108034773	1.90590854734773	1.37505142834773	0.993852812347733
11705000000	-20.1889015756321	-10.851979963632	0.294570555367955	0.239640224367953	-2.25557456663205	1.80649008436795	1.94567574836795	1.47500553436795	0.822556404367951
11837500000	-19.4343934067224	-10.9284509227224	0.380169241277635	0.172274496277637	-2.60647089172237	1.72817693527764	1.91362195727763	1.44112500927763	0.999247327277637
11970000000	-19.670421097942	-11.205645151942	0.337192076057995	0.328032240057993	-2.835981898942	1.375386456058	1.93664692905799	1.448459214058	0.843371333057995
12102500000	-20.4335668226479	-11.178444216648	0.33347943635205	0.232426295352049	-3.13828743064795	1.19241524135205	1.84364772235205	1.51299381535205	0.830861304352048
12235000000	-19.5263306341444	-11.6470021331444	0.329946951855604	0.228491601855602	-3.49819944114439	0.883477107855605	1.89367556885561	1.43822679385561	0.977104197855603
12367500000	-20.4882500402448	-12.0063096562448	0.192709551755179	0.170673501755175	-3.73491730224482	0.640586502755177	1.91143610075518	1.43764549775518	0.928342450755174
12500000000	-20.1011913259596	-12.0148179149596	0.338262769040412	0.11030788604041	-3.81348889595959	0.28462057204041	1.86245631804042	1.49603239004041	0.875829418040411
12632500000	-20.7803083290716	-12.1818282790716	0.209709365928362	-0.00802780607163811	-4.27700053407164	0.151922373928358	1.94287906892836	1.32109622392836	0.860183862928359
12765000000	-20.9250102869299	-12.9174631869299	0.262908119070126	0.0747124140701203	-4.58354706392988	-0.154275137929879	1.82633996907012	1.37175131007012	0.774854787070119
12897500000	-20.7597501307831	-12.6477605807831	0.220196952216945	-0.000109008783056197	-4.64622197778306	-0.340879974783057	1.75388875321695	1.38041572721694	0.821104345216945
13030000000	-21.7667271385485	-12.8022808985485	0.170496528451544	-0.0231063845484556	-4.98374197154846	-0.506676896548456	1.60460025245154	1.49119017045154	0.804018497451544
13162500000	-21.7220953271793	-13.3618425051793	0.243405163820675	0.00628178382067546	-5.50637668017933	-0.911390221179325	1.65538941182067	1.40639326282067	0.757388051820676
13295000000	-20.6517086006384	-13.6087761976384	0.199404928361602	0.0386051913616043	-5.6525314886384	-0.925168910638398	1.6322672843616	1.4066551473616	0.751698036361603
13427500000	-23.0619945025257	-13.9279120225257	0.301869386474344	-0.0805455415256588	-5.98012309252566	-1.31077867152565	1.56339338347434	1.38135121047434	0.716395733474343
13560000000	-21.9685629720669	-14.1571843890669	0.0901668659331349	0.0387709789331296	-5.89208677406687	-1.46681282606687	1.49257005493313	1.33244263893313	0.711717382933131
13692500000	-23.8590676877744	-14.1752233017744	0.0599856462256128	-0.0297778277743888	-6.64581497777439	-1.85265809177439	1.50198272422561	1.28365368422561	0.960192183225608
13825000000	-23.8155729971941	-15.3138510821941	0.0689947308059047	-0.127594812194097	-6.5943228311941	-2.1292131261941	1.2693320628059	1.24536472380591	0.713063200805905
13957500000	-22.5793303372894	-14.6315679962894	0.19959138171059	-0.0422157672894059	-7.34140770728941	-2.02064291028941	1.35406825771059	1.38535232971059	0.808024811710588
14090000000	-23.0807239384311	-15.3563480964311	0.238426405568923	-0.185054945431077	-7.29664930443107	-2.45838273843108	1.18048946356893	1.28827480156892	0.796175899568922
14222500000	-22.9405792851147	-15.1085432701147	0.177440064885332	-0.0883944851146694	-7.39802434711467	-2.64315274011467	1.02724274288533	1.19354385688533	0.604007650885329
14355000000	-22.8362745592175	-16.0714253092175	0.0693517617824497	-0.0580971882175518	-7.54836406321755	-2.91371937621755	1.09720183778245	1.26779697678245	0.556515924782452
14487500000	-24.2997210004776	-15.7253515514776	0.105531440522384	-0.189002053477616	-7.57617589047761	-3.06120712947762	0.803909917522383	1.23452683952238	0.705059417522385
14620000000	-24.7854067952254	-16.2935520152254	-0.106876205225397	-0.117642220225399	-8.4057982282254	-3.4789934612254	0.7515706107746	1.0604817037746	0.541517942774604
14752500000	-25.6626827924104	-17.1338340914104	0.0898383765896327	-0.0331288304103694	-8.35508831641037	-3.52596326641037	0.577660667589633	1.14783534658963	0.587735622589634
14885000000	-24.4548955603183	-16.5514401633183	0.0588968536816807	-0.174179342318318	-8.34505361331831	-3.60378547031831	0.43726636968168	1.00205770068168	0.503550741681686
15017500000	-24.2142758506889	-15.7951316896889	-0.193074672688915	-0.265256369688913	-8.66128791968892	-3.94320439268891	0.594032546311084	0.905083456311083	0.635908204311086
15150000000	-24.0140057328024	-16.9918343598024	-0.216968181802429	-0.326466608802434	-8.92417004080243	-4.14226982780243	0.212860110197568	0.916185181197569	0.453411882197571
15282500000	-23.2762791047741	-15.6156496137742	-0.239688639774151	-0.344793984774149	-8.69424495277415	-4.18519974977415	0.162951713225851	0.817391893225846	0.298014961225846
15415000000	-25.1468223130824	-16.4697326230824	-0.302290508082393	-0.492062807082391	-9.1711779640824	-4.78004562208239	0.0874952559176094	0.647154555917609	0.462945334917606
15547500000	-24.4322893531027	-17.0825252351027	-0.439612394102745	-0.523460589102747	-9.46654951110274	-4.52238351210274	0.0137357018972537	0.724224630897254	0.453435526897259
15680000000	-23.9341310133604	-16.7522547553604	-0.279514566360383	-0.637926984360384	-9.60932032136039	-4.72620627036039	-0.247345602360383	0.724380865639617	0.255000766639611
15812500000	-26.0690344754001	-16.7112273584001	-0.201694974400134	-0.667041662400131	-9.96138651040013	-5.09219821640013	-0.24177566440013	0.603765788599866	0.108288806599866
15945000000	-26.8436107546641	-17.9737878306641	-0.399662268664059	-0.48231879066406	-10.5675799256641	-5.11625969466406	-0.523543540664058	0.300745938335943	0.290315964335946
16077500000	-27.5781894281758	-18.6025958461758	-0.451540404175823	-0.688967595175818	-10.6503420441758	-5.55374292417582	-0.644495674175822	0.0959099808241817	0.205694392824178
16210000000	-24.9884012422287	-17.7828160822288	-0.458705907228754	-0.79946482422875	-10.9881735302288	-5.70562588122876	-0.927853086228751	0.239656989771248	0.150176112771248
16342500000	-25.6404132001653	-19.3927494751653	-0.632242829165314	-0.765610335165313	-11.0023473251653	-5.90420969516531	-1.07250081016532	0.0426283258346842	-0.0269086801653131
16475000000	-26.5316598176475	-18.4109273306475	-0.592511745647457	-0.846943973647456	-11.4295155666475	-6.34524142164745	-1.20151696364746	-0.0637423236474532	-0.116542643647456
16607500000	-25.7062551819451	-18.9375581709451	-0.644259678945083	-0.887427432945081	-11.6373296049451	-6.44255262094508	-1.46192730694508	-0.0192837429450847	-0.412590613945085
16740000000	-31.7435963361747	-19.6029363211747	-0.769288945174701	-0.967162945174699	-12.4212627451747	-6.4849110941747	-1.3080823901747	-0.0497660521746965	-0.120079636174701
16872500000	-26.2720001652269	-22.1694132742269	-0.679621467226866	-0.910891269226866	-12.0168654292269	-6.67967889522686	-1.74523958222687	-0.118656447226861	-0.261264757226861
17005000000	-30.282111870186	-19.804013604186	-0.706668596186006	-1.00945804518601	-12.319586523186	-7.01080612518601	-1.80708689118601	-0.334409220186004	0.0126167958139902
17137500000	-25.4400384310872	-20.2111970390872	-0.962397624087245	-1.05227035908725	-12.4555443580872	-7.32489669208724	-1.73790335808724	-0.265423764087245	-0.38684488308725
17270000000	-28.7345609293064	-20.1021316553064	-0.885474127306374	-1.18586865930637	-12.6657371563064	-7.39622435430638	-1.81227954230637	-0.304718188306374	-0.428662108306376
17402500000	-27.286877323406	-21.2813767354061	-0.856166634406058	-1.17986070240606	-12.8057006164061	-7.64302520840606	-2.33118113140605	-0.48458474540606	-0.421689137406055
17535000000	-26.1794898918409	-23.5016364808409	-0.93010645684091	-1.20086532584091	-12.7341609928409	-7.31509523484091	-2.24680523684091	-0.527080179840908	-0.822503595840907
17667500000	-29.2839970740391	-21.9657217610391	-1.00207794703908	-1.37247859903908	-13.9928555600391	-7.54227183003908	-2.44066541303908	-0.930588395039081	-0.639988474039079
17800000000	-31.6010460878091	-18.3878426578091	-1.31932851180905	-1.41013433580905	-11.9642386068091	-7.51489506480905	-2.70676827580905	-0.992373374809056	-0.59066019180905
17932500000	-24.9481544081451	-20.9454567331451	-1.10754892414513	-1.47623963914513	-12.0130514071451	-7.75427582114513	-2.85889781414513	-1.12725103114513	-0.737835180145126
18065000000	-29.7409677355743	-17.9103092175743	-1.22235057657429	-1.53284787757429	-12.6305729655743	-8.19337261557429	-3.19075274157429	-1.29886037757429	-0.804744846574287
18197500000	-23.8160094899586	-19.3361123709586	-1.41123321495859	-1.98349070495859	-13.5196844519586	-8.75520383595859	-3.3547079229586	-1.08593291095859	-0.813662330958593
18330000000	-25.610630163469	-20.238063795469	-1.67412205046904	-1.90380431446904	-13.843779633469	-8.58255838046905	-3.42251146246905	-1.57450097046905	-1.34164708646905
18462500000	-31.4450098852077	-22.9347913812077	-1.77831817620772	-1.98824482420772	-14.1535521072077	-8.89124570220772	-3.46614213420771	-1.72906000220772	-1.25666551320771
18595000000	-28.8098282429586	-21.7253981069586	-1.5508549339586	-2.0065848059586	-13.8046873769586	-9.0250958109586	-4.0343096819586	-1.6887983119586	-1.2588359339586
18727500000	-26.907375482628	-21.406851029628	-1.84336887962801	-2.067500245628	-13.834649002628	-9.25656721562801	-4.21716544762801	-1.82966368062801	-1.52069106762801
18860000000	-28.047455782398	-23.206815439398	-1.88787236739799	-2.19923251739799	-13.723151562398	-9.65052877939799	-4.18182332939799	-1.75301333739799	-1.65350539039799
18992500000	-32.3308828841629	-21.3803076691629	-2.18698552816288	-2.17723006616288	-14.9441857631629	-9.81627463316288	-4.30743019016288	-2.20942645416287	-1.60657442716288
19125000000	-28.9865554517461	-22.8583712607461	-2.07641730674612	-2.20067033874611	-15.6706206137461	-9.70484955074612	-4.61998075774612	-2.52645345374611	-1.95521575874611
19257500000	-32.1953795780534	-24.8852125470534	-2.00970931305339	-2.66745694305338	-15.2252994150534	-10.2496023140534	-4.57084842205338	-2.27790882405338	-1.96090334605338
19390000000	-30.1494652202313	-22.4629987772313	-2.27856084423127	-2.86181725923127	-15.8264131692313	-9.32955037523127	-5.01478454123127	-2.50868084423127	-2.09445721223127
19522500000	-32.9460299046917	-23.1414919556917	-2.31531627669174	-2.70208640669174	-15.3355068206917	-10.3111817876917	-5.22657724269174	-3.11019362069174	-1.96780418469174
19655000000	-30.5953473233798	-28.1095106543797	-2.76628203437975	-2.57425526637975	-15.0730034393797	-9.95378478437975	-5.34628052537975	-2.86770952237975	-2.02719626437975
19787500000	-30.0672503540041	-22.6753780660041	-2.43118779700407	-2.75280935000407	-16.5926403720041	-10.4873777170041	-5.49729823300407	-2.69347329800407	-1.92401805200407
19920000000	-27.8312456061352	-23.4884283271352	-2.74348324313517	-2.60506294713517	-15.7213695251352	-10.1660121171352	-5.36140609513517	-3.06938779513516	-2.13111783213517
20052500000	-35.8347668747305	-25.3845329407305	-2.68993818173054	-2.75434017073054	-14.8872221437305	-11.1915044077305	-5.73172032573054	-2.74577027473054	-2.06651872073054
20185000000	-28.3033864558152	-22.1210426818152	-2.96971381381525	-2.64957263781525	-16.1143599628153	-10.3894451448153	-5.63924001281525	-3.53692993481526	-2.33042106781525
20317500000	-25.5879477825378	-20.4042210285378	-2.55904528053784	-2.84220676453784	-14.0853732685378	-10.8257757265378	-6.17860783153784	-3.40642422753784	-2.18303350353784
20450000000	-33.542737224616	-21.7443087606161	-2.77802021761605	-3.47217039561605	-15.074665785616	-11.112794504616	-5.51043777961605	-3.33617706261605	-2.60974864561605
20582500000	-27.0656753390094	-21.9346846610094	-3.23753973200942	-3.21759894200942	-16.6843180350094	-11.0125185960094	-6.27213074200942	-3.34948602100943	-2.84776450000943
20715000000	-30.9502470910324	-23.1056489480324	-3.56866197203238	-3.64693648303238	-17.0107604820324	-11.1284955930324	-7.01492679603238	-3.71371414203238	-3.37929788203238
20847500000	-23.3297672525678	-22.0416242875679	-2.97082491056786	-3.71941799156785	-18.6526465135679	-11.2901383635679	-6.34803829856786	-4.34898624056785	-3.16233647256785
20980000000	-27.8925333977814	-20.9774537007814	-3.60238421678143	-3.97607859278143	-17.6473934527814	-11.0999670567814	-6.83372216678143	-4.39948716278143	-3.25271936578143
21112500000	-30.7546876607267	-19.4097583487267	-3.68886680772668	-4.33506485272668	-16.4166627147267	-12.4419310657267	-7.31133807972668	-4.57511661372669	-3.47223986272668
21245000000	-34.4764610738317	-22.5735248928317	-3.49731922483174	-4.22911206983174	-19.9885758948317	-12.5052600698317	-6.87909069783174	-4.71040179883175	-3.33782441183175
21377500000	-32.2500366056366	-30.7646673546366	-4.40271734463654	-4.19293006263654	-17.1077672286365	-11.6484052746365	-7.03615029963655	-4.50900028963655	-3.44166492263655
21510000000	-28.1558810537409	-21.9278456437409	-3.86321240874086	-4.24468476674087	-16.4851809507409	-11.3593928097409	-7.87159638174087	-4.69118202774087	-4.27360164274086
21642500000	-23.2891047697115	-24.3909847527115	-3.8865266487115	-4.33168054171151	-19.1981898407115	-13.5772238217115	-7.6549517477115	-4.95323870571151	-3.7760699687115
21775000000	-46.1033517194226	-23.4833445674226	-4.55278283642258	-4.53645699042258	-16.7770985824226	-12.7392325154226	-8.20870122442258	-5.42785908242258	-4.43771196942258
21907500000	-30.2156881432476	-26.4533987362476	-4.2502242202476	-4.3453166562476	-24.8376777112476	-12.5752790272476	-7.33610148024759	-5.03559273424759	-3.63583142824759
22040000000	-27.5277243637319	-29.3513409717319	-4.15466821773195	-4.50597987973195	-18.6747849157319	-13.1327833867319	-8.17707980773194	-4.92340148273195	-4.01257521273195
22172500000	-29.7717988191075	-25.7678528971075	-4.73282526610753	-4.89734270110753	-19.5113874371075	-13.7161228681075	-8.90536713110753	-5.24643352610753	-4.32076643910753
22305000000	-28.4265934979649	-23.0687365009649	-4.44489943996489	-4.98481485996489	-20.3662418239649	-13.8040445189649	-9.07787809496489	-5.38266821996489	-5.0959565439649
22437500000	-42.2026506564014	-31.9737582454014	-4.84141396340139	-4.80238565740139	-19.0915268124014	-14.1919951634014	-9.04401292240139	-5.5101176654014	-4.3509968624014
22570000000	-28.7431091521505	-26.0066625411505	-4.61668299115047	-5.19882237215047	-19.1323377911505	-14.7139560661505	-9.08262900115047	-6.24331486115047	-4.44380041315047
22702500000	-27.428863238868	-23.766894746868	-4.90857670286802	-5.40146162986802	-18.065134246868	-13.472551155868	-8.78865956686802	-5.67741222486801	-4.70629205686802
22835000000	-25.5647190783263	-28.2885546543263	-5.0430015293263	-5.19705497632629	-18.0260100973263	-15.1241231353263	-8.98990678232629	-5.91052522432629	-4.84631519332629
22967500000	-30.5171736126457	-21.8815736726457	-4.92344211364571	-5.81292320064571	-18.4351945776457	-12.5012488666457	-9.33603096964571	-6.6934697446457	-4.94566722364571
23100000000	-38.0945108223802	-24.2194714373802	-5.15185203038016	-5.29037240738016	-16.8865503513802	-14.2780322873802	-9.62979216038016	-6.60249485638016	-5.17647934438016
23232500000	-28.5176699532537	-24.3913468812537	-5.57749711025374	-5.39431361425374	-18.7945809812537	-13.9156463752537	-9.31873432525374	-6.59092014125374	-5.27615328525374
23365000000	-25.6061219579002	-23.3738515119002	-6.11798396990024	-5.30601278590024	-18.3170833259002	-13.1970143199002	-9.74214627690024	-6.63558926090023	-5.35582138290023
23497500000	-26.4200469515406	-26.4256816545406	-5.69426645754058	-5.70048622454058	-22.0491578505406	-13.2697223015406	-9.81123639654058	-6.94005434654058	-5.59149933054058
23630000000	-36.2987791793208	-25.2391109303208	-5.48192613632078	-5.87419522732078	-19.4376553653208	-13.8974211963208	-9.57711241732078	-6.93632977332078	-5.78357960432078
23762500000	-33.7687018857189	-20.5915150747189	-6.08544994871891	-6.14796874171891	-19.0148285377189	-13.9198467717189	-9.81217053171891	-7.37119643171891	-5.74560916871891
23895000000	-24.5725243318114	-27.2096791388114	-5.8390730368114	-6.1044672198114	-18.8016789658114	-14.3603664528114	-10.3734734398114	-6.8781575338114	-6.0705238228114
24027500000	-29.5872301359135	-27.5433703979134	-6.33734400991346	-6.47614234891346	-19.5867471979135	-14.4754888949135	-10.4331135359135	-6.87684773591346	-5.73182207491345
24160000000	-32.6506972887782	-26.6061415277782	-6.44014492977817	-6.20520316777817	-23.9171949597782	-15.1554890997782	-10.7077898997782	-7.20768379177817	-6.01675722177817
24292500000	-41.3404652044306	-25.4534464494306	-7.15790792243059	-7.14948663343058	-22.4434339674306	-15.3563819714306	-11.1426480114306	-7.86677775543059	-6.56946578443059
24425000000	-38.8206443141871	-33.2935665551871	-6.78976313218712	-6.73555354718712	-20.6612527331871	-16.3511207811871	-10.9748868811871	-8.31850927018712	-6.70153566618712
24557500000	-43.2851643737976	-25.3277146207976	-6.90768838779757	-7.16177876279757	-21.7593412617976	-17.3977087657976	-11.1993523117976	-8.20697241579757	-6.36686863779757
24690000000	-33.6397559901928	-38.9072384481928	-6.2477864211928	-6.95422365919281	-23.9083887221928	-16.2255452531928	-11.5072843061928	-8.38160971219281	-6.9228031171928
24822500000	-32.4126661940348	-30.3459946330348	-6.73411919103483	-7.18980723903483	-22.3079038680348	-17.2523993790348	-10.7828555280348	-8.17116546903483	-6.86019598603483
24955000000	-37.0533358001355	-27.2345324431355	-6.55038484213553	-7.23490183113553	-21.1838623671355	-15.3787749251355	-11.6606164551355	-8.47984648613553	-7.02791365013553
25087500000	-37.2530137358866	-38.1365950218866	-7.17859905888656	-7.41975991788657	-24.2711738708866	-16.2810302288866	-11.4359614648866	-8.39980062788656	-6.65883453688657
25220000000	-33.9838068760931	-24.2846672760931	-7.9428414100931	-7.1155965250931	-22.4618618400931	-17.1869859820931	-11.0747421270931	-8.41067909809309	-7.26327164709309
25352500000	-38.645708558558	-26.689138248558	-7.37689491855799	-7.17996087455799	-20.625702282558	-16.318410816558	-10.503133752558	-8.772890558558	-6.987904377558
25485000000	-31.3722362133981	-28.9598904003981	-6.73584852739808	-7.32322880239808	-20.4569353373981	-15.8067009313981	-11.4547397513981	-8.47235114639808	-7.59097171939808
25617500000	-31.9742224678928	-27.0380834768928	-7.30989437789282	-7.82801135689282	-21.5528374098928	-16.7543069578928	-12.6195879188928	-8.93764400789282	-7.48606412889282
25750000000	-33.3321717878205	-30.6262428038205	-7.73296892482055	-7.87531374082054	-22.6277247758205	-17.4389452878205	-12.1102819698205	-8.75209103982054	-7.89309049582054
25882500000	-31.5206334724508	-30.5138596074508	-7.31700301445081	-7.50282705645081	-23.6205616004508	-16.7805448644508	-10.9146709974508	-8.59675130445081	-8.15754796045081
26015000000	-24.8140307181353	-25.5642904741353	-7.6856593751353	-7.8485843181353	-19.7034012131353	-18.1047796511353	-12.6848510201353	-9.0638663741353	-7.9268085121353
26147500000	-28.7491807166133	-33.9661037756133	-8.33370759361333	-7.85290648561333	-23.5324622716133	-16.7316558716133	-11.7369723056133	-9.22424155561333	-7.71689580661333
26280000000	-26.6432238550515	-30.5578922350515	-7.6055910340515	-8.3181650300515	-19.8514893100515	-16.5190423050515	-11.6780724100515	-9.9579244730515	-8.1198766940515
26412500000	-29.4112673887309	-24.5578020857309	-8.33161145273091	-7.94271253273092	-23.0794195327309	-17.2001822627309	-13.0474550097309	-9.54900105273092	-7.86551960973092
26545000000	-33.5047090412614	-24.6902030242614	-8.47124171026144	-8.36638064926144	-22.6309248872614	-17.5568583752614	-12.1872956392614	-9.30435717226143	-8.83672325626144
