Current	NuR	Gamma	Fp	C
1.4	10597393302.4898	194378236438.562	4290466308.95805	1.67523776862225
1.8	6155968788.56721	34542459306.4653	16719702157.7734	2.05982600745985
10.4	21295537144.7348	122467787595.147	12483127735.0383	3.5396591416552
12.9	22238312567.4153	135405686713.062	12605542321.4018	3.17305611215009
15.6	22158912959.6452	141624250069.879	12982595354.6935	2.48536362560478
2.5	9110947080.1766	38540634646.5959	12522259525.1543	2.33478885861307
3.5	12049931394.6589	50309171570.7964	11853278564.1905	3.16948740743749
4.8	15025789370.6955	69170584330.426	11423823902.4944	3.57953727786383
6.4	17591951415.0215	88692368494.7925	11915721418.5974	3.71320367018881
8.3	19827018628.6106	105896614094.607	11694063080.4381	3.812769558779
