Current	NuR	Gamma	Fp	C
1.4	4564159519.50706	24477203502.8594	44416191325074	1.14904241005724
1.8	6829833452.44158	29029297773.6929	21763888736.7454	1.61882661712136
10	18698547545.7864	107568992638.782	22604859653.3819	2.69078570546921
10.4	18555918782.0535	111368695031.177	24493115916.7182	2.62416857365289
2.5	9367615631.90452	33898873131.2739	22265429732.2461	1.82523696636837
3.5	11070794386.4604	41954065830.743	37445539249.9514	1.9362565489898
4.8	14444423788.8155	66021926722.6561	22460905449.6714	2.631419379742
6.4	16556307799.796	84691178055.3807	23058806739.826	2.89489426663056
8.3	18217742170.1276	100076005175.327	21836012559.3709	2.94673322485907
