Current	NuR	Gamma	Fp	C
1.4	10167672248.2433	163808333817.623	4858054786.4144	1.90186754504791
1.8	6974407399.20811	37821088888.8607	12316769962.8663	1.9961604248989
10.4	20434634155.1502	123538864862.519	19862154378.0454	2.73414625991577
12.9	21181895173.5824	132105258963.607	19177582406.0793	2.38409341898886
15.6	20361356626.8256	135097592502.595	20020878120.3759	1.77374355147123
2.5	9260213691.63872	36614369970.047	16211297056.5695	1.94634517573637
3.5	12021188548.4702	48530078106.0089	15614959898.7731	2.53891048423272
4.8	14709313046.0454	66149336235.9635	15848603912.1044	2.80564580706555
6.4	17061685761.4219	85995084950.0786	17151869137.2374	2.87802744742402
8.3	18915441073.7515	105174747653.302	18972829812.2679	2.87027653592502
