Frequency	M6082_13_15_2_2_20C_1_4mA__17_5dBm_S2P	M6082_13_15_2_2_20C_1_8mA__17_5dBm_S2P	M6082_13_15_2_2_20C_10_4mA__17_5dBm_S2P	M6082_13_15_2_2_20C_12_9mA__17_5dBm_S2P	M6082_13_15_2_2_20C_15_6mA__17_5dBm_S2P	M6082_13_15_2_2_20C_2_5mA__17_5dBm_S2P	M6082_13_15_2_2_20C_3_5mA__17_5dBm_S2P	M6082_13_15_2_2_20C_4_8mA__17_5dBm_S2P	M6082_13_15_2_2_20C_6_4mA__17_5dBm_S2P	M6082_13_15_2_2_20C_8_3mA__17_5dBm_S2P
45000000	-2.970207608	-1.23733711000001	0.0338675160000008	0.191436677999995	-2.03330894	-2.659956483	0.360437017999999	2.227306697	-0.815931895000006	-0.300831737999999
177500000	-4.147113099	-1.901549965	-0.519284091000003	-0.833603442000005	-1.962010108	-1.036301669	-0.592611658999999	0.0846655929999969	-0.00226916400000476	0.186099233
310000000	-5.92014593	-3.25495361300001	-0.172564442000002	-0.675775469000001	-2.129111316	-1.210338908	-0.536391051000003	-0.0728860040000043	-0.135568119000006	-0.231124719
442500000	-3.695206489	-0.996189416	0.766782317000001	0.318486381	-1.035177287	-0.192309864000002	0.425544828	1.011940962	0.965260752999995	1.148317342
575000000	-4.069396541	-1.514323084	0.177585279999995	-0.427687861000003	-1.495516968	-0.832773841000005	0.0385399809999996	0.406168482999995	0.537977649999995	0.55750123
707500000	-4.50185728334211	-1.71308031534211	0.0245331056578877	-0.542224319342118	-1.78047160834211	-1.01015139434212	0.0312602896578866	0.281545722657889	0.402540734657883	0.271388762657885
840000000	-4.50585220451179	-1.67379705651179	0.0835773794882044	-0.608988852511793	-1.92472320851179	-1.08639049251179	-0.129308178511792	0.283916529488209	0.301346691488206	0.294607455488205
972500000	-4.32982911047993	-1.85612037447993	-0.146934728479927	-0.76112806547993	-1.97370885347993	-1.18643035747993	-0.159414400479932	0.102789165520072	0.238163291520067	0.231833132520073
1105000000	-4.74822805773995	-1.85747252273995	-0.118579458739951	-0.639378707739951	-1.76771175273995	-1.31393804073995	-0.255749117739946	0.140732915260052	0.270297103260049	0.210445493260053
1237500000	-4.84401712139221	-1.82095143139221	-0.147693545392215	-0.662071290392213	-1.95914537739221	-1.25075460039221	-0.303688821392214	0.151824333607784	0.211421791607791	0.0743572816077887
1370000000	-4.76428774992223	-1.73746916692222	-0.0751105989222225	-0.818819138922223	-1.96667095292222	-1.37427239292222	-0.229926213922219	0.0614653100777787	0.154853740077776	0.132462128077776
1502500000	-4.59971107747869	-1.71608584247869	-0.064718413478694	-0.894790758478692	-1.95736159747869	-1.25216460547869	-0.306168313478693	-0.0447123324786958	0.106393386521304	0.0799268355213059
1635000000	-4.95567750036407	-1.76644485936407	-0.176659162364068	-0.819892253364067	-2.08685885936407	-1.39727034436407	-0.300454199364069	-0.0115880593640654	0.168602500635934	0.0469100986359337
1767500000	-4.69581891538213	-1.56699309238213	-0.109374217382133	-0.732661693382134	-1.94691199338213	-1.30959371938214	-0.232945753382133	-0.00214892538213007	0.30133420961787	0.0662860376178642
1900000000	-4.20458211526874	-1.25143408826874	-0.134197266268743	-0.782707460268739	-1.87023291926874	-1.25038590026874	-0.254302452268739	0.136103476731257	0.0319711367312578	0.125821360731258
2032500000	-4.00597672766424	-1.26195944666424	-0.290218371664238	-0.845406565664234	-2.07865259766424	-1.44423974866424	-0.374065449664236	-0.200472189664239	0.0631527803357628	0.119553615335761
2165000000	-3.63608174431431	-1.28229535131431	-0.182977341314313	-0.958273618314308	-2.16263700331431	-1.32922974231431	-0.421168624314312	-0.0211389583143102	0.0575757306856914	0.15735345068569
2297500000	-2.84587547116958	-1.11830261616959	-0.154291726169582	-0.865284135169588	-2.19082783316959	-1.31209564916959	-0.233719029169585	-0.179789429169588	-0.0459568601695821	0.152365544830417
2430000000	-2.08271309629276	-1.06602152429276	-0.161036123292767	-0.963017686292766	-2.26063079829277	-1.26700982329277	-0.188458770292769	-0.108010872292766	-0.0730428862927681	0.0552067737072335
2562500000	-2.00487332058503	-0.786849527585034	-0.420934501585037	-0.917849091585033	-2.13323076058504	-1.14439580358503	-0.472429467585037	0.118203575414967	-0.0176883325850383	-0.0115601955850337
2695000000	-1.30869289409345	-0.939438479093447	-0.215258712093451	-0.927739422093445	-2.20504915109345	-1.28926359209345	-0.447756674093448	0.00451651190655156	-0.0353673990934453	-0.0216798710934469
2827500000	-1.2580420143691	-0.720983946369095	-0.103552547369098	-1.0113026023691	-2.0675194193691	-1.3244954723691	-0.416559942369098	-0.0576780023691015	0.0571751256308985	-0.133616972369097
2960000000	-1.49058406172304	-0.618727383723041	-0.232307470723036	-1.07502818072304	-2.03841586572304	-1.05964962572304	-0.264667314723042	-0.199904332723037	0.0381700692769584	-0.0609791987230395
3092500000	-1.10848543884509	-0.778164330845094	-0.199712889845095	-1.0368715208451	-1.9976783038451	-1.0774377778451	-0.337538733845093	-0.0230711248450959	-0.00724661984509822	-0.108999376845098
3225000000	-1.14325073859528	-0.760408247595279	-0.306499071595283	-0.868564674595284	-2.12322147859528	-0.998223239595283	-0.401103480595282	-0.258698020595283	0.151485187404717	0.0502195784047146
3357500000	-1.86179832153572	-0.707472413535712	-0.293712665535715	-0.917117282535713	-2.25159354053572	-0.912824265535718	-0.128701179535717	-0.118838005535714	0.0433969234642859	-0.0886512345357175
3490000000	-1.64430804912766	-0.433705642127663	-0.173645662127662	-0.89973118612766	-2.34546270412766	-0.919636017127665	-0.291380838127665	-0.201936421127662	0.0336646168723362	-0.0501239451276589
3622500000	-1.69355180797594	-0.311490587975932	-0.275240104975936	-0.826409532975937	-2.17697593597593	-0.719668518975936	-0.234538011975935	-0.206764033975936	0.214670134024068	0.0786931060240619
3755000000	-2.23562922921068	-0.19121716121068	-0.233067517210678	-0.773407091210679	-2.06728394021068	-0.792101332210677	-0.18012633721068	-0.0230429922106765	0.181254935789319	0.155035607789323
3887500000	-2.79954246264538	0.0141443233546283	-0.072109880645371	-0.836503644645376	-2.07439960464537	-0.673257519645375	-0.0226916226453753	0.0828664673546271	0.251216612354625	0.0397738813546269
4020000000	-2.75237568190188	0.178362276098113	-0.114445786901882	-0.701913348901883	-2.29923107190189	-0.519108142901885	-0.127359777901887	0.0502786980981185	0.093256178098116	0.0842997690981164
4152500000	-3.35857581771761	0.350033844282393	-0.127712254717608	-0.613637601717606	-2.01005627171761	-0.495611048717606	-0.0384986837176058	0.250321454282393	0.246527581282393	0.257538492282393
4285000000	-4.14173936098758	0.520389478012419	-0.0298324679875819	-0.655951830987583	-2.06147178298758	-0.300566269987577	0.040607219012422	0.119736885012422	0.123587527012418	0.130851507012423
4417500000	-4.2741980401282	0.600107427871805	-0.192004080128193	-0.756168853128194	-2.1164433511282	-0.494175088128195	-0.0169212131281924	0.0648179688718074	0.262806329871808	0.0848706908718029
4550000000	-4.91418671061484	0.823071231385164	-0.228011039614834	-0.902370154614836	-2.20234608061484	-0.562227063614834	-0.072769477614834	0.065086138385162	0.0254561963851643	-0.0170596096148401
4682500000	-5.57524653076877	0.587835508231223	-0.267960369768772	-0.910300691768775	-2.24956473076877	-0.381143583768775	0.0229584882312253	0.00671058623122889	0.140889592231225	-0.0346306007687716
4815000000	-6.06759124893694	0.616498560063057	-0.329880344936946	-1.01271660393694	-2.08284518193695	-0.419376250936942	-0.081773553936948	0.0161247770630553	0.112868978063055	-0.00167994493694579
4947500000	-6.13753649686059	0.571580961139411	-0.265815043860592	-0.907520029860592	-2.27344650086059	-0.260654843860593	0.158658219139411	0.0457658271394124	0.0562891781394086	-0.115031941860593
5080000000	-7.01947747981367	0.19417713518633	-0.168671647813667	-0.831675104813669	-2.05782102381367	-0.0886669918136676	0.175071229186329	0.224001488186332	0.36007073818633	0.0746571501863329
5212500000	-7.24853886510761	0.0911244308923997	-0.054478305107601	-0.850997386107601	-2.2080166101076	0.0245071998923976	0.295466688892397	0.334650682892395	0.210440470892401	0.100618967892395
5345000000	-7.38004161231523	0.216473921684774	-0.232887410315229	-0.816827619315227	-2.01163580131523	0.203445356684774	0.393788119684771	0.248975459684772	0.251960286684771	0.28588687468477
5477500000	-8.05129530504427	-0.0829800690442752	-0.232299269044269	-0.739853225044271	-2.01273860204427	0.200958599955726	0.515383677955725	0.26528553895573	0.217720287955729	0.296389887955726
5610000000	-8.81972020560536	-0.566079088605363	-0.0762755546053597	-0.768227114605359	-2.10369968160536	0.399486550394641	0.558209933394643	0.382738202394641	0.259286748394644	0.071366029394639
5742500000	-8.87569017593626	-0.515222647936255	-0.0999368339362547	-0.753933042936261	-2.00060065893626	0.374200876063746	0.520387655063743	0.256390907063739	0.34724430906374	0.250758648063744
5875000000	-9.36515829908846	-0.550421593088458	-0.147661774088462	-0.690557559088461	-2.08237437508846	0.635850940911538	0.606303494911536	0.342636913911541	0.265135779911539	0.122637436911539
6007500000	-10.1874003759176	-0.985648757917602	-0.156952047917599	-0.910964166917601	-2.1526491069176	0.583953370082398	0.5707553050824	0.3499904770824	0.3298661630824	0.107767089082401
6140000000	-10.3087277605891	-1.00158330258912	-0.210407123589114	-0.90707778458912	-2.12566034658911	0.68715582241088	0.620624552410881	0.419820806410883	0.385816944410884	0.0910385514108825
6272500000	-9.92425033842648	-0.940267908426485	-0.161675519426488	-0.940271921426486	-2.07489935942649	0.837125300573511	0.746033631573518	0.511550918573512	0.233143308573517	0.099256465573518
6405000000	-10.9907933209526	-1.12117896595259	-0.0665228519525911	-0.76873227095259	-2.12407652695259	1.0327191320474	0.70480816704741	0.421469243047405	0.322196428047405	0.22958361504741
6537500000	-11.5222436371597	-1.52573655115968	-0.190443427159678	-0.761477699159684	-2.19663031715968	1.05700800684032	0.785117201840322	0.418250061840318	0.31533610284032	0.146909946840317
6670000000	-11.3342292920566	-1.26323009005664	-0.150079900056646	-0.903115449056642	-2.08924345005664	1.16568978894336	0.850851588943357	0.481479629943358	0.308980784943358	0.109600071943355
6802500000	-11.6559113176036	-1.75423756760356	-0.172164584603564	-1.00167585060356	-2.20927828060356	1.28264988039644	0.871892622396437	0.408301687396438	0.280695216396438	0.14404986539644
6935000000	-12.2859327701973	-2.30637361219731	-0.220586453197306	-0.912075047197305	-2.20556077819731	1.48021242480269	0.980906570802688	0.52243403980269	0.351903706802695	0.201516063802693
7067500000	-12.0236274883773	-2.03816629637734	-0.210618942377344	-0.922884659377338	-2.12949919137734	1.46595833662266	1.04696173062266	0.581550227622657	0.43733049562266	0.0296312676226549
7200000000	-12.1695080103628	-1.96400617436282	-0.265621243362816	-0.680088562362819	-2.24433128536282	1.35176415763718	0.988513873637181	0.638480359637185	0.452918570637181	0.169490698637183
7332500000	-12.5560462379299	-2.46833599792992	-0.238002596929924	-0.965915862929918	-2.22764502292992	1.58387375607008	1.11835366407008	0.595833973070079	0.397089209070081	0.179929675070078
7465000000	-12.5653823342551	-2.58952825925507	-0.105031530255069	-1.14244252025507	-2.18982903725507	1.63003632774493	1.20024883474493	0.688518074744934	0.267057314744932	0.131632250744936
7597500000	-11.6147700937416	-2.17860545474161	-0.255038954741607	-0.927266447741609	-2.18643260474161	1.65087541525839	1.19737847225839	0.438056764258391	0.31731620425839	0.0992737632583882
7730000000	-12.5381449148655	-2.96799344286552	-0.240307564865525	-0.801337311865524	-2.41243064286552	1.60877131113448	1.30027090313448	0.638357635134476	0.354077391134481	0.106095283134479
7862500000	-13.1937621072201	-3.52377734822014	-0.234426101220137	-0.88857066422014	-2.26135567722014	1.53072859677986	1.43947929777986	0.620803513779862	0.42417743377986	0.129081467779862
7995000000	-12.6191231635761	-3.1969214475761	-0.183326996576092	-0.787038621576095	-2.30260484357609	1.79033287342391	1.44288366042391	0.675964696423911	0.312488413423907	0.203285267423908
8127500000	-12.2118199550139	-3.5784527990139	-0.158387424013902	-0.987786579013907	-2.25396979601391	1.9293400229861	1.5275903999861	0.735628691986093	0.341768844986092	0.120111385986093
8260000000	-13.6864568283807	-4.23011991638067	-0.193066361380673	-1.01792836538067	-2.26973221238067	1.69660712761933	1.58242673361933	0.728505900619332	0.344296044619327	0.191385911619328
8392500000	-13.3059322019657	-4.11436542396572	-0.310844042965712	-1.02989192596571	-2.35542456296572	1.80254369603428	1.58451690503428	0.867106374034286	0.333849642034288	0.135445287034287
8525000000	-13.1452290424847	-4.1358134134847	-0.256143386484709	-0.835426938484709	-2.23675066048471	1.8943705365153	1.77967505051529	0.885198834515293	0.497007702515297	0.215461390515294
8657500000	-14.3944018181304	-4.83837719213037	-0.194631663130373	-0.806836309130368	-2.22211785613037	1.59288702086963	1.81163190686963	0.979487987869625	0.404032282869629	0.212023643869621
8790000000	-14.7777427783732	-5.08946433037316	-0.128478761373167	-0.96170708437316	-2.17785731137317	1.53462604362684	1.91710757962684	0.959312520626838	0.36391633762684	0.179009818626838
8922500000	-14.1158134143557	-5.19594774635569	-0.166273101355692	-0.821253098355697	-2.22003372835569	1.6644658656443	1.94061126364431	0.959312376644306	0.470755274644304	0.240234738644304
9055000000	-14.6776726279909	-5.82084714299091	-0.17671285299091	-0.92834673499091	-2.32556297199091	1.44211488100909	2.13868374100909	1.01282126800909	0.426108231009088	0.185172324009095
9187500000	-15.1150176809203	-5.8825485019203	-0.161110152920301	-0.811148279920303	-2.20535610892031	1.3184060630797	2.1029931670797	0.996861002079697	0.509872058079701	0.218453330079697
9320000000	-15.4194785774276	-6.06056611742758	-0.204142363427579	-1.06076473242758	-2.15650696842758	1.30019737357242	2.11304978457243	1.09657316157242	0.491145710572425	0.226456621572424
9452500000	-15.2221887139079	-6.44226872590786	-0.144478285907859	-1.00607166890786	-2.21364805390785	1.15786218509214	2.20503865109215	1.25153912309214	0.587252163092145	0.252324452092147
9585000000	-15.6078221081943	-6.87950522419427	-0.216863034194269	-0.906293113194266	-2.18686605619427	0.772399776805734	2.21867641580573	1.24179993380573	0.616888795805728	0.296583135805733
9717500000	-15.5142775488542	-7.04721878985421	-0.21213684185421	-0.911549182854209	-2.28030428185421	0.808074822145791	2.31666323014579	1.23044428014579	0.548009113145795	0.358759339145792
9850000000	-16.186270630637	-7.22329544163701	-0.172941038637006	-0.926985104637005	-2.34074751863701	0.559135501362995	2.35097006836299	1.16749666936299	0.660396012362995	0.342507503362995
9982500000	-15.6605483830404	-7.93221810004037	-0.175221473040374	-0.920498298040371	-2.22366727204037	0.280026627959629	2.35939205895963	1.25402346395963	0.653160210959626	0.186409824959625
10115000000	-16.3653238178201	-7.8631913298201	-0.272648661820099	-1.0939237548201	-2.3438106078201	0.195948404179902	2.3724433411799	1.2504855771799	0.6395037271799	0.205913670179896
10247500000	-17.0052428347309	-8.25553055673094	-0.210805162730942	-1.02859694573094	-2.32502147273094	-0.154548447730939	2.39174528326906	1.35782051426906	0.703449671269063	0.252046951269058
10380000000	-17.6463421729242	-8.82160650992417	-0.190993251924162	-1.11776085692416	-2.28044013992416	-0.608592718924164	2.26056266607583	1.41393983207584	0.71565381707584	0.192348632075834
10512500000	-17.4840431586771	-8.80922401267711	-0.241005473677106	-1.01442042867711	-2.32361383767711	-0.499917419677104	2.30189356932289	1.39507408932289	0.722904267322896	0.309243764322893
10645000000	-17.4054493917521	-9.06066385475206	-0.203450226752068	-1.04599810075207	-2.28766177075207	-0.873225760752064	2.33922027424794	1.51000528624793	0.668310292247931	0.295258371247932
10777500000	-18.0394001163393	-9.62229817933931	-0.142027939339314	-0.996755803339312	-2.37453863333931	-1.35633946933931	2.14953069566069	1.45026391766069	0.65544692166069	0.29386863866069
10910000000	-18.1767049424669	-9.98282564446687	-0.209183147466874	-1.06222569046687	-2.43293743446687	-1.55463113146688	2.18991723353312	1.52285069253313	0.640514687533127	0.239725147533129
11042500000	-18.865871285882	-10.190761394882	-0.157272186881983	-1.10153242988198	-2.37072279588199	-1.86821685588198	2.16454600811802	1.49398717211802	0.704767532118012	0.360079660118018
11175000000	-18.6850495864036	-10.3910870614036	-0.0799252904036223	-1.16899766040362	-2.20419258440362	-2.10172195640362	2.15738192359638	1.50838918759638	0.821029870596377	0.328595768596379
11307500000	-18.6980851437014	-10.7728726567014	-0.307508470701393	-1.0142333517014	-2.4293343097014	-2.4515466627014	1.9131242452986	1.4966823862986	0.7259030372986	0.436177234298604
11440000000	-18.6365989964055	-11.3158552444055	-0.289886206405498	-1.0774040974055	-2.2085197924055	-2.8410828284055	1.96687572959451	1.56645689359451	0.797462529594505	0.372087983594504
11572500000	-20.3846095156523	-11.5716059406523	-0.15997752665227	-0.992662232652272	-2.39981217865227	-2.99455391665227	1.82411982434773	1.59369191634773	0.792282458347728	0.329538812347728
11705000000	-20.663711901632	-11.416992461632	-0.194567005632045	-0.882383120632049	-2.37266445863204	-3.47788239163205	1.59316258536795	1.56617974236795	0.846296781367954	0.425085712367952
11837500000	-19.7071381077224	-11.8817014167224	-0.0778175267223631	-1.12380834572236	-2.47256355872236	-3.69832938772236	1.55236783527764	1.49354449527764	0.764121664277639	0.265090212277634
11970000000	-20.058255773942	-12.104797232942	-0.210032295942007	-0.843895381942005	-2.550014214942	-4.027930868942	1.488928348058	1.513975197058	0.815487468057995	0.506063451057997
12102500000	-19.7842463646479	-12.2947710146479	-0.231563898647948	-1.04400415164795	-2.40532327264795	-4.29194552464795	1.25279181635205	1.59952437635205	0.794961107352052	0.27307975335205
12235000000	-20.0991012261444	-13.0513110261444	-0.180068269144392	-1.0626443891444	-2.4945976411444	-4.3866742741444	1.1654110648556	1.5776472578556	0.884932543855605	0.269029445855601
12367500000	-21.1730499432448	-12.5982478752448	-0.32281672124482	-1.11218364624482	-2.56549413324483	-4.74786092624483	1.08348732075518	1.54097154075518	0.802302544755179	0.303797870755176
12500000000	-19.8952979039596	-12.5184016759596	-0.346649411959589	-1.07578495095959	-2.43228188095959	-4.93703743495958	0.812415104040412	1.53579062204042	0.837208714040415	0.433258532040412
12632500000	-22.0635702590716	-13.2107653440716	-0.254027328071643	-1.23422897307164	-2.56195462907164	-5.33062995407164	0.670103134928361	1.43989389992836	0.794814756928361	0.313192870928361
12765000000	-21.5696079949299	-13.6795851269299	-0.297020738929874	-1.32006208792988	-2.64769661692988	-5.73156003192987	0.497058776070126	1.39363945207013	0.671297842070125	0.315371790070124
12897500000	-22.0220761257831	-13.6688152467831	-0.328026977783054	-1.13949759078305	-2.59566313178306	-5.89379191578305	0.297879637216944	1.35811647321695	0.696096095216944	0.25862973921695
13030000000	-21.8969800485485	-14.3321906885485	-0.297073671548461	-1.12985896354846	-2.56113764954846	-6.04669260254845	0.0677497354515424	1.21972099645154	0.640234540451544	0.244749770451541
13162500000	-22.1216968781793	-13.8941326561793	-0.259251540179328	-1.31400452117933	-2.75954820917933	-6.45392752717932	-0.0511265761793283	1.21544515982067	0.745148535820675	0.286505424820675
13295000000	-23.5049440956384	-14.4571485426384	-0.379688761638398	-1.2314747136384	-2.83204419863839	-7.0157641236384	-0.341290170638395	1.21164277636161	0.752911394361604	0.333306737361603
13427500000	-23.5643753875257	-15.1241962525257	-0.464474774525655	-1.38450260552565	-2.65598085852566	-7.12418587852566	-0.523454032525656	1.12390313447435	0.591035255474345	0.175867630474343
13560000000	-22.6039933330669	-15.6391295150669	-0.33617483306687	-1.23305759706687	-2.65493632006687	-7.33484573306686	-0.678782773066864	0.872330553933132	0.60614076493313	0.259980664933131
13692500000	-24.7008590227744	-15.7047911247744	-0.337176726774388	-1.14261486077439	-2.56241662477439	-7.68150167977439	-1.08785387177439	0.894914177225608	0.550846106225613	0.213181609225607
13825000000	-25.1948008851941	-15.4667725151941	-0.410096007194099	-1.2080606891941	-2.8772125111941	-7.9748074491941	-1.0826448781941	0.898296862805907	0.527064579805902	0.140945614805908
13957500000	-23.8599415302894	-16.4922861722894	-0.531766582289407	-1.34434242828941	-2.75345653528941	-8.55624600928941	-1.39441123628941	0.694951415710591	0.602923672710595	0.171086586710594
14090000000	-24.3438411434311	-15.9369883704311	-0.468384953431077	-1.19866904243107	-2.76154910643108	-8.17617555243108	-1.74870356243107	0.518345506568927	0.613777716568926	0.275103028568928
14222500000	-23.6618689281147	-17.6660872681147	-0.47844064811467	-1.29255116411467	-2.87538243011467	-8.33707033311467	-1.88339697011467	0.55825210188533	0.54453101888533	0.143259853885333
14355000000	-26.5037672962175	-17.0018359972175	-0.425649652217551	-1.43602984121755	-2.78132570821755	-8.94029748921755	-2.26828038921755	0.446509712782451	0.495350741782453	0.012930258782454
14487500000	-24.6210752324776	-17.4103920084776	-0.578588591477612	-1.25429166247761	-2.80942298347762	-9.11437106347761	-2.50955954047762	0.508486409522384	0.523949837522387	0.0855284645223833
14620000000	-23.6303693102254	-17.5186005522254	-0.432428160225399	-1.2718019862254	-2.89600243422539	-9.3658840382254	-2.52032447722539	0.235215350774602	0.450200215774601	0.094238479774603
14752500000	-25.5956662784104	-16.8843741744104	-0.502101863410367	-1.43207305941037	-3.08347760241037	-9.80039472241037	-2.68962006641037	0.173824853589636	0.39627712058963	0.0383950785896303
14885000000	-23.8305897213183	-17.5706421053183	-0.542682383318315	-1.46820402431832	-2.96437053431831	-10.0963921143183	-2.87099648731832	-0.0201239333183167	0.321806823681683	0.109242196681684
15017500000	-24.5763785256889	-18.3715692626889	-0.670620223688914	-1.41304512368892	-3.08698832268892	-10.1338811586889	-3.14422374268892	-0.0875319636889174	0.284783972311082	0.128869807311084
15150000000	-26.1562700608024	-17.0081780538024	-0.51724161680243	-1.60214803580243	-3.10634619080243	-10.2347001998024	-3.33272540980243	-0.31824426280243	0.23684905019757	-0.0285344128024292
15282500000	-24.2588009477741	-18.1739725107741	-0.707831166774149	-1.68232364677415	-3.07799474677415	-10.6728326297741	-3.40354821277415	-0.230155668774152	0.0699302842258476	0.112045246225847
15415000000	-24.8086892100824	-17.7939699540824	-0.799213301082389	-1.72403373008239	-3.3442865190824	-10.5742703160824	-3.85455443708239	-0.60993064608239	-0.10098819408239	-0.176098365082389
15547500000	-25.4308201151027	-18.4860168451027	-0.72731150310274	-1.53972616010275	-2.93277643110275	-11.0185621661027	-4.06689712510274	-0.567061653102741	-0.0798306681027441	-0.386104739102741
15680000000	-26.2907716493604	-17.2167222123604	-0.876542356360382	-1.73003747236039	-3.47085509036039	-10.3977544563604	-4.46640448136039	-0.906001158360382	-0.312934288360388	-0.135103404360386
15812500000	-23.7467976574001	-19.3397827444001	-0.878259647400128	-2.00577365240013	-3.40095528740013	-11.3247528154001	-4.41484024240013	-0.943412110400132	-0.0936505784001298	-0.264474592400134
15945000000	-27.7944945516641	-19.0345154126641	-1.11894568866406	-1.56070781366405	-3.54086574766406	-11.6487529116641	-4.48625322066405	-1.12490265566406	-0.246124270664055	-0.414179486664054
16077500000	-23.4823714481758	-19.2510095861758	-1.01366882317582	-2.19436902217582	-3.78723098917582	-12.6391833221758	-5.25759585717582	-1.30564857317582	-0.381218864175821	-0.358577283175819
16210000000	-26.5478298532288	-19.2822589432288	-0.822211823228749	-1.90958669222875	-3.47771334122875	-12.6686813352288	-5.23537555222875	-1.40466598922875	-0.596425559228749	-0.569364860228752
16342500000	-29.9450855301653	-17.9898307461653	-1.05711836816531	-1.92001214916532	-3.34666770116532	-12.1407992691653	-5.69592096316531	-1.50963360116531	-0.669933926165314	-0.685099296165312
16475000000	-28.3373732566474	-20.3101233946475	-1.23159337464745	-2.02503125364746	-3.47458797764745	-12.8582483256475	-5.91481120064746	-1.70586683564746	-0.55319977764745	-0.518330313647454
16607500000	-26.4828881019451	-20.0896514019451	-1.12896818994508	-1.83408509394508	-3.62190913194508	-13.0773624149451	-5.75386450294508	-2.06737381994508	-0.691384590945084	-0.610190245945084
16740000000	-37.0788041531747	-21.5144721441747	-1.0123531891747	-2.0543164001747	-3.8382120481747	-13.8013250881747	-5.8416899301747	-2.2703542911747	-0.665268049174699	-0.546779642174698
16872500000	-28.7746158352269	-20.3972723702269	-1.02979319522687	-1.67511075322686	-3.59931372922686	-13.7819108742269	-6.38701140322686	-2.05240835422686	-0.967772287226865	-0.759083975226865
17005000000	-27.676081839186	-20.648214223186	-1.10350327518601	-1.93397701418601	-3.485681764186	-13.269304481186	-6.22854789418601	-2.40930321518601	-1.04659946918601	-0.742023458186004
17137500000	-29.4133498370872	-20.2074474330872	-1.26076668108725	-2.11315710108725	-3.86517114708725	-13.6237069390872	-6.80009352608725	-2.74107331708725	-1.05043649608724	-0.605415507087244
17270000000	-31.0858256573064	-21.7565933593064	-1.12915951930637	-1.83403666030637	-3.67304535230637	-13.8482734433064	-7.02151906230637	-3.04727137930637	-0.96759288230637	-0.713072685306372
17402500000	-31.857155781406	-20.798793536406	-0.967682164406057	-2.09365785540606	-3.78392442540606	-13.6203388334061	-6.77565120040606	-3.01083691340606	-1.13088546340606	-0.859679190406055
17535000000	-26.7145379748409	-22.3838403678409	-1.30773060684091	-2.25235563184091	-3.91548652484091	-13.9612640588409	-7.30009175084091	-2.99880249884091	-1.16719572384091	-0.802782742840911
17667500000	-25.1855560980391	-22.0328611390391	-1.20696445603908	-1.97995903103908	-3.73398552603908	-14.1013762540391	-7.34090860803908	-3.25953938403908	-1.34010549703908	-1.04387711303908
17800000000	-29.451537828809	-20.1106880518091	-1.59526206380905	-1.89649992780905	-3.97620293880905	-15.4547007248091	-7.13510984380905	-3.27594755780905	-1.33208343680905	-0.939416270809055
17932500000	-25.3727214211451	-19.7531878641451	-1.61168796314513	-2.46750511814513	-4.05275208414513	-13.5187367771451	-8.11734290914513	-3.21251118214513	-1.70788736214513	-0.872993944145129
18065000000	-32.9428735535743	-18.9541067335743	-1.67834859757429	-2.70330654957429	-4.21714888857429	-14.0665111035743	-8.72812660657429	-3.57294641457429	-1.77070037557429	-1.32326950557429
18197500000	-33.8515240249586	-24.5652214439586	-1.71857314295859	-2.66956339895859	-4.53583222395859	-14.2404467889586	-7.93843752095859	-4.09982209095859	-2.00608332795859	-1.35308235695859
18330000000	-35.301231249469	-22.493921971469	-1.76728374846904	-2.82329630546904	-4.28384901846904	-15.116899714469	-8.35278807046905	-3.85628690946904	-2.11787243646904	-1.49516440446904
18462500000	-28.2914050732077	-24.0910195582077	-2.01359540220771	-2.94457311820771	-4.18629204620772	-14.2067905792077	-8.75377232820772	-4.35042004620772	-2.11784363320771	-1.48457808520772
18595000000	-25.5955601459586	-23.0885378579586	-1.7845789609586	-2.7395137959586	-4.6700350819586	-15.7437691249586	-8.6186642819586	-4.5378079119586	-2.4835368519586	-2.0419425039586
18727500000	-29.836887424628	-24.543527186628	-1.96269767762801	-2.50424603362801	-4.88511669962801	-15.141848761628	-9.16066136462801	-4.883865777628	-2.78014163262801	-1.55905542662801
18860000000	-28.865131558398	-24.171779525398	-2.08527916439799	-3.28185002639798	-5.02930345639798	-16.367100502398	-8.84501799839799	-4.69066405439798	-2.83569458039798	-1.86207466039799
18992500000	-31.7781908241629	-21.7379044961629	-2.16547926416288	-3.17011030516287	-4.75276180716288	-16.6739598931629	-9.90354748516287	-5.32982823616288	-2.79185242016288	-2.11279868516287
19125000000	-27.5157711277461	-24.0496746877461	-2.22942929774612	-3.11059871974611	-5.00068055974612	-17.4178904507461	-10.1129389427461	-5.76005303274611	-2.76769154474611	-2.25770031274612
19257500000	-28.2332879480534	-28.3154746290534	-2.52206694005338	-3.02351733605338	-5.07756746605338	-17.3693907710534	-10.1041464320534	-5.65227726005338	-3.42098057805338	-2.10042985705338
19390000000	-39.5915220922313	-21.1715130312313	-2.23128671623127	-3.32664762923127	-4.62464508423127	-18.1616909812313	-11.7246806232313	-5.91429229223127	-3.19527255923127	-2.38909661323127
19522500000	-33.2839342736917	-23.9940955426917	-2.44046676969174	-3.00175542569174	-4.92353828769174	-17.7310202306917	-10.3167811336917	-5.57048873369174	-3.20195257369174	-2.21908112569174
19655000000	-29.7061732523797	-26.2447100773797	-2.77509616937975	-3.13569332537975	-5.00971750437975	-19.8468073953797	-10.6178573633797	-6.70999335537975	-3.67980499337975	-2.87519751137975
19787500000	-42.6290588190041	-23.4364601240041	-2.68106639600407	-3.04129967200407	-4.65882536800407	-21.1390229170041	-10.4105416260041	-6.44439551400407	-3.27418175900407	-2.55689062500407
19920000000	-32.4675447731352	-21.2918615441352	-2.54063950413516	-3.42921967513517	-5.25140904413517	-18.2451026081352	-10.5919679821352	-6.23926524413516	-3.86659201813517	-2.59658944113517
20052500000	-29.9429990207305	-29.1274646207305	-2.50774341273054	-3.52752752873054	-5.44659751873054	-18.8730511977305	-11.2415566707305	-7.43393681073054	-3.83671257873054	-2.72522629673054
20185000000	-26.3481731028152	-30.3851212448152	-2.57812365281525	-3.33772679981525	-5.11049351981525	-16.5903944718153	-11.2449833538153	-6.71637418281525	-4.32281861981525	-2.86765785481525
20317500000	-27.4055847865378	-30.4711536315378	-2.62231249953784	-3.60442157053784	-5.90641533253784	-19.1423856145378	-11.0068246505378	-6.61265286753784	-3.95253493953784	-3.27713932053784
20450000000	-28.117642506616	-22.1915757956161	-3.02773356961605	-4.30767921161605	-5.63734770161605	-16.698550165616	-12.221233299616	-6.54932746061605	-4.43498977461605	-3.01891338961605
20582500000	-36.1400222400094	-30.1828115760094	-2.76949934900942	-3.63482854000942	-5.85653224900943	-15.9442549960094	-10.5360238460094	-6.73072066300942	-4.16376196000942	-3.09054230600943
20715000000	-35.8400988330324	-27.6817815830324	-3.12612089103238	-4.07204668303238	-5.58196775903238	-17.6475229320324	-10.5015036400324	-6.69297482803238	-4.43095431903238	-3.22648404603238
20847500000	-24.3685298655679	-23.6733843995679	-3.50924100756785	-3.39578780756786	-5.82180380156785	-17.8346326205679	-11.7888829785679	-8.30641652656785	-4.91284510056786	-3.76025839756785
20980000000	-30.0806066387814	-24.2356897297814	-3.26272970978143	-3.54754680578143	-6.63913784578143	-17.3986366597814	-12.5401033837814	-6.92109791578143	-4.87567806678143	-3.29950412178143
21112500000	-25.4395639757267	-21.3948680377267	-3.56092322672669	-3.99953931472668	-6.73370160672668	-18.7489474497267	-13.1486252957267	-8.34766572372668	-5.20344550472668	-3.80706323672668
21245000000	-30.3691895908317	-24.5038088788317	-3.55088131083174	-5.07293930683174	-6.52036228283174	-17.0471296208317	-11.8778353758317	-8.61011329183174	-5.64545422483175	-4.04972536983174
21377500000	-25.5252845096366	-25.6720981246366	-3.72159483663654	-4.11517270863654	-6.84516614763655	-19.5696995026365	-13.2114926826365	-7.56237720363654	-5.05471188663655	-3.85381370963655
21510000000	-27.1132868867409	-29.2147277847409	-3.86555585874086	-4.72586397274087	-6.52902621874087	-19.2764546817409	-13.6961283177409	-8.13703701174087	-5.53395615674086	-3.73471164774087
21642500000	-25.0603124147115	-30.1991752807115	-4.4255917657115	-4.9253795787115	-6.9438786787115	-19.4780129897115	-14.9214434117115	-8.3450121897115	-5.4283415797115	-4.3715166617115
21775000000	-35.1133999864226	-27.2615670794226	-3.66572147842258	-4.35179977142258	-7.31797529442258	-19.1260005464226	-13.4515767184226	-9.67134516142258	-6.18311722842258	-3.93115719442258
21907500000	-30.4068794962476	-27.6656941212476	-4.06292154424759	-5.04333181224759	-6.73399255224759	-20.7280197312476	-14.2285617272476	-7.99312803524759	-5.45466374924759	-3.8043334362476
22040000000	-28.8732161287319	-27.5031596727319	-4.16349678773194	-4.85199066073194	-7.11358056973194	-20.2934209847319	-14.5570627317319	-9.66626503773195	-5.78641810373195	-5.07688813973194
22172500000	-30.2005800661075	-25.4004257961075	-4.22861092810753	-5.00047057210753	-7.19919269410753	-23.4207754181075	-13.8803878381075	-9.13883208110753	-6.06848455610753	-4.36669541210753
22305000000	-29.7096859749649	-23.2844485459649	-4.43195958696489	-4.58753119996489	-6.77663028996489	-23.7472918329649	-16.3993648649649	-9.78750793896489	-7.03952076196489	-4.86422279596489
22437500000	-33.6886209584014	-27.0316772814014	-4.08404518540139	-4.48040187040139	-7.05184698840139	-22.1133283944014	-15.1586540324014	-10.2372172294014	-6.5092453654014	-4.83765394940139
22570000000	-36.7395756071505	-35.4961481651505	-4.48970474215047	-4.92937557615047	-6.58874069515047	-20.2376464751505	-13.9431224731505	-9.74040544815047	-6.50877409515047	-4.88290127815047
22702500000	-54.051820351868	-24.441885887868	-4.25633137086802	-4.98704575086801	-6.74089207086801	-20.134221004868	-14.154450202868	-10.410624108868	-6.81236812686802	-4.85396766886802
22835000000	-28.1554177413263	-27.8533029053263	-4.60113733732629	-5.31426092032629	-7.26817815932629	-18.2678166093263	-14.2250027773263	-9.61150896332629	-7.19232801832629	-4.97431688032629
22967500000	-30.1373706896457	-28.2695471946457	-4.8881594116457	-5.83370628264571	-7.31533187064571	-19.1909523156457	-13.8711477556457	-9.87495459464571	-7.2937760526457	-5.12147017464571
23100000000	-24.1103229233802	-25.1508819293802	-4.93519085838016	-5.43067257238016	-7.93198819738016	-21.7057982823802	-15.7061615763802	-9.85604893438016	-6.60043304538016	-5.82461830238017
23232500000	-35.1022666792537	-28.6901896152537	-4.80193947825374	-5.70223538025374	-7.44306038525374	-19.2115573622537	-15.7381852282537	-10.2520854802537	-6.71139814525374	-5.77157734725374
23365000000	-28.4755317159002	-24.5017110189002	-4.84904766690023	-5.48643721390023	-7.20793288990023	-22.6552484289002	-14.6972491369002	-10.3822756089002	-7.29328670490023	-5.23999165490023
23497500000	-30.0631549205406	-30.0344226875406	-5.52015751754058	-5.96728888454058	-7.10944765154058	-21.0103700965406	-14.6633938755406	-11.1946053465406	-7.15645796254058	-6.09553225354058
23630000000	-31.2076052883208	-27.6495129603208	-4.98015686232078	-6.05673314832078	-8.11100623232078	-22.6826898093208	-15.6537981653208	-10.2523352313208	-6.93575484932078	-5.80188863232078
23762500000	-28.8043880887189	-25.6501735087189	-5.10178821271891	-5.80316474671891	-8.23202817971891	-20.0433917977189	-15.9240659707189	-10.7295103187189	-8.09493921771891	-5.78802237171891
23895000000	-30.7349597018114	-27.7786393808114	-5.5349627488114	-6.4510834438114	-7.4271120328114	-22.1135924148114	-15.5387505118114	-10.8276593878114	-7.4511861878114	-6.4196892148114
24027500000	-27.0414157399135	-28.4143149619135	-5.36301920591345	-6.29756532291346	-7.76506713291345	-20.1449041129135	-15.0701417879135	-11.3526607889135	-7.81209892491346	-6.13017241191346
24160000000	-37.3449127767782	-22.8990598497782	-6.08245799377817	-6.55232432577817	-8.49318824777817	-20.4128169117782	-15.7331557227782	-11.2497857407782	-8.03773532977817	-6.19221573177817
24292500000	-30.5819303714306	-33.0836537574306	-6.35064579543059	-6.41040006843058	-8.78790212043059	-22.7626880834306	-17.1937439434306	-11.9223653864306	-8.35267029743058	-6.97338191643059
24425000000	-37.2563170931871	-28.6551092601871	-6.69351827918712	-6.60604878718712	-9.50168640518712	-22.2262546531871	-16.7383521681871	-12.0979548691871	-8.65870234318712	-6.56285088618711
24557500000	-29.0408278807976	-31.4933115747976	-6.32286241179757	-6.41035755579757	-8.58676299279757	-25.1111184547976	-17.3535313847976	-12.8806279747976	-8.92773951579757	-7.03903029579757
24690000000	-31.9855705231928	-31.5164335551928	-5.9829179051928	-6.5672304531928	-9.0608302231928	-27.4204043351928	-16.0491453121928	-12.4250706221928	-9.1265881151928	-7.1004247411928
24822500000	-37.1268238450348	-29.9546871230348	-6.28646378903483	-6.64220526403483	-9.00514255103483	-24.0773095440348	-19.5841036630348	-12.4458789580348	-8.80266774003483	-7.15981162003483
24955000000	-41.2935191601355	-29.8424586511355	-6.23976732213553	-6.70130801213553	-8.67389876613553	-20.6406849931355	-15.4038399181355	-12.0625992441355	-9.05014939113553	-6.41515280713553
25087500000	-33.8867938688866	-33.3225247168866	-6.13372545988656	-6.61016371988656	-9.04820159988656	-23.7669137728866	-16.1618117718866	-12.5925036378866	-9.71106127988656	-7.19186690388656
25220000000	-27.7162339500931	-25.5299955310931	-7.03718496409309	-6.62017778009309	-9.20987235609309	-22.8570042700931	-16.0377637630931	-13.2550329080931	-9.85335676909309	-7.29412058309309
25352500000	-40.103709314558	-42.897326190558	-6.59564013755799	-7.41312132855799	-9.513642675558	-24.751952782558	-17.495160548558	-12.285581235558	-9.24138592755799	-7.345600071558
25485000000	-33.1548433083981	-34.5150277563981	-7.29769748339808	-6.73764127739808	-9.32046614939808	-25.1366780673981	-17.1038883723981	-13.9863515263981	-9.32876650939808	-7.67749265039808
25617500000	-30.6659126728928	-30.2337069838928	-6.97197660489282	-7.05410708889282	-9.31411384889282	-23.3008863158928	-18.2608860028928	-13.4156820768928	-10.5404279438928	-7.19448808789282
25750000000	-28.3223861878205	-25.1457664608205	-6.73537928582054	-7.23489423582054	-8.96130113182054	-26.1681432098205	-17.9944493078205	-13.9980798058205	-10.0676705258205	-7.50108659982055
25882500000	-30.9389210604508	-26.8674725684508	-6.79934871745081	-7.52135945545081	-9.84605199845081	-19.7620864754508	-17.0713577014508	-13.3784557024508	-10.0162300514508	-7.73337485945081
26015000000	-26.1318925091353	-39.5012034141353	-7.3877225861353	-7.96669066213531	-9.6626026961353	-21.0558929901353	-19.8387146771353	-13.4741212191353	-10.2843256261353	-8.66111922413531
26147500000	-31.9395106356133	-29.3989096466133	-7.20620014561333	-7.90501157161333	-10.0584711926133	-28.2629513236133	-18.4845151376133	-13.4965629346133	-10.5444322256133	-8.54722189661333
26280000000	-28.4305775030515	-25.3233546630515	-6.7870080650515	-7.9282060010515	-9.3648938410515	-22.2806773250515	-17.4154286330515	-13.2502780620515	-10.5964291070515	-8.5571413950515
26412500000	-34.6463127497309	-46.5363886677309	-7.71861750073091	-8.52485476673091	-10.3148906647309	-20.8616774077309	-17.1267335807309	-12.6028901137309	-10.6506478087309	-7.93765161773091
26545000000	-26.6724404072614	-25.0667920072614	-7.47461449826143	-8.03684103026144	-10.1798025422614	-23.1156014492614	-17.6264770272614	-13.4255496052614	-10.5168277462614	-8.48171684826143
