Frequency	M6082_10_17_2_2_20C_1_4mA__17_5dBm_S2P	M6082_10_17_2_2_20C_1_8mA__17_5dBm_S2P	M6082_10_17_2_2_20C_10_4mA__17_5dBm_S2P	M6082_10_17_2_2_20C_12_9mA__17_5dBm_S2P	M6082_10_17_2_2_20C_15_6mA__17_5dBm_S2P	M6082_10_17_2_2_20C_2_5mA__17_5dBm_S2P	M6082_10_17_2_2_20C_3_5mA__17_5dBm_S2P	M6082_10_17_2_2_20C_4_8mA__17_5dBm_S2P	M6082_10_17_2_2_20C_6_4mA__17_5dBm_S2P	M6082_10_17_2_2_20C_8_3mA__17_5dBm_S2P
45000000	-1.760338847	0.0622340899999969	0.0565621009999973	-0.604396686000001	-5.90511967800001	0.145674426999996	-0.387454918000003	1.527750927	1.252632704	0.244289877
177500000	-4.770857823	-1.834120927	-0.0892839569999992	-0.690871242	-4.818078822	-0.555360802999999	-0.255267716000006	-0.513681276	-0.173801576000002	-0.394477111
310000000	-6.59346204400001	-2.294635727	-0.625195098000006	-0.848233399000002	-4.704399495	-0.947098520000004	-0.554388127999999	-0.230628389000003	-0.367552249000006	-0.505822478000006
442500000	-4.106897404	-1.165109853	0.468572117999997	0.310432348999996	-2.878394433	0.17071456	0.542227589999996	0.734988113999997	0.765869894999994	0.492557982999998
575000000	-4.427062958	-1.613041274	0.0931460999999985	-0.287434446000006	-2.840290908	-0.366986301000004	-0.093026279	0.345962586999995	0.234626583000001	-0.0116566460000058
707500000	-4.72241389934212	-1.76117230434212	0.0245331056578877	-0.481414294342116	-2.71339967734212	-0.577237801342115	-0.109783023342118	0.0875868556578823	0.158781747657883	-0.117009663342117
840000000	-4.66112285551179	-1.8060503465118	-0.0972053795117915	-0.43137317251179	-2.69997034151179	-0.779871752511795	-0.412752324511793	-0.0104610555117901	-0.0526372625117943	-0.197479733511791
972500000	-4.86337586447993	-1.91714749347993	-0.108838811479927	-0.625805128479932	-2.36605810447993	-0.898559442479929	-0.404058445479933	-0.187169871479931	-0.0296650914799272	-0.174754072479928
1105000000	-4.96951476573995	-1.86047358673995	-0.28783813473995	-0.573625104739946	-2.53144423973995	-0.858405324739948	-0.421914673739948	-0.197247495739951	-0.0918904427399525	-0.191710690739953
1237500000	-5.04029302739221	-1.94628406839221	-0.493982382392211	-0.655264310392212	-2.29610088939221	-1.01852438639222	-0.56879143239221	-0.29915528539221	-0.0736144203922109	-0.182722378392214
1370000000	-5.15747503692222	-2.16058875092222	-0.174786433922222	-0.626455874922222	-2.20188174892223	-1.05659820992222	-0.494192770922226	-0.24665910992222	-0.186658950922222	-0.249083559922227
1502500000	-4.91181204647869	-1.84759458647869	-0.375971751478694	-0.826506923478696	-2.15668639547869	-1.1374082514787	-0.705847866478692	-0.310252858478691	-0.184758054478692	-0.196439142478695
1635000000	-5.13247158036407	-1.92014857636407	-0.223816993364068	-0.649495945364066	-2.10865993836407	-0.951905905364072	-0.629271792364072	-0.327658861364071	-0.178346868364066	-0.250499806364068
1767500000	-5.35050340738213	-1.95002822838213	-0.364472076382135	-0.693538379382133	-2.06950736238213	-1.05016942938213	-0.555660941382136	-0.35992800138213	-0.123956222382134	-0.269885774382132
1900000000	-4.72839639326875	-1.39528258426874	-0.281155423268743	-0.751320012268742	-2.01748471626874	-1.14569387126874	-0.644868375268743	-0.325041992268744	-0.202417825268739	-0.251223866268745
2032500000	-4.44490577266424	-1.29983095666424	-0.391176132664235	-0.800665631664238	-1.93799787066424	-1.05879924566424	-0.626931763664238	-0.358459239664235	-0.325571908664237	-0.369308401664242
2165000000	-4.30273781631431	-1.37234285731431	-0.582333103314312	-0.89654158331431	-2.25848932231431	-1.17454939731431	-0.824673792314307	-0.523751112314308	-0.247899313314313	-0.444692436314313
2297500000	-3.34068007216958	-1.46326256816958	-0.582600454169587	-0.946128724169583	-2.02322146016959	-1.12803959316959	-0.932901681169582	-0.498957601169586	-0.489773625169583	-0.459002452169585
2430000000	-3.07418726229277	-1.29278504429276	-0.376693983292768	-1.09338413329277	-2.09877659129277	-1.36261368329276	-0.986797088292768	-0.491405565292766	-0.636091657292766	-0.38379240629277
2562500000	-3.11928336258504	-1.19025097958504	-0.592199538585035	-0.980244695585036	-2.08278523358504	-1.36212702858504	-0.962938861585037	-0.543968552585035	-0.505555853585037	-0.253510093585035
2695000000	-2.48046692409345	-1.41230635609345	-0.53190252509345	-0.988087642093447	-1.86450895109345	-1.09259371009345	-1.00080915409345	-0.583447591093446	-0.56214373909345	-0.463941721093448
2827500000	-1.8522906943691	-1.3650741113691	-0.705547663369096	-1.1020860963691	-2.1088322493691	-1.3985577213691	-1.0768464663691	-0.829211540369101	-0.592364903369102	-0.414916698369098
2960000000	-2.04512042972304	-1.04315670572304	-0.718838335723042	-1.16285342772304	-1.95552676272304	-1.34439309572304	-1.09366326372304	-0.792022598723037	-0.553605968723041	-0.650392686723038
3092500000	-2.1547659038451	-1.1378705758451	-0.703039422845094	-0.9093824468451	-2.0724954498451	-1.24568355284509	-1.0700299258451	-0.802322542845097	-0.6276544568451	-0.599684478845099
3225000000	-1.55101338659528	-1.23446532459528	-0.917121968595282	-1.16446011259529	-2.06302480359528	-1.34448113959528	-1.13332491259528	-0.863880978595283	-0.504410173595282	-0.572713040595282
3357500000	-2.14572359953571	-1.05311848253572	-0.761777613535713	-1.30870029353571	-2.05156816753571	-1.44270084553572	-1.34786970253572	-0.974487506535716	-0.619702036535713	-0.582934895535715
3490000000	-2.55506376312766	-1.10352611512766	-0.83364191012766	-1.15862400412766	-1.98119922112766	-1.41373013312766	-1.26994053912766	-0.919062751127662	-0.791661147127662	-0.78466521912766
3622500000	-2.44929288197594	-1.14963610597594	-0.884961210975938	-1.13520255497593	-2.27081996297593	-1.23021629597594	-1.15485959197594	-0.864422211975935	-0.589730448975935	-0.638427083975934
3755000000	-2.38588369321068	-0.985437061210682	-0.698473193210681	-1.25054429121068	-2.12668835821068	-1.20734695421068	-1.06870263721068	-0.839418995210679	-0.604413913210678	-0.665809392210676
3887500000	-3.29637874264537	-0.851990414645371	-0.775167922645373	-1.09762499164538	-2.07880245564537	-1.19592146264537	-1.14931450064537	-0.854970721645373	-0.619424256645374	-0.817576130645371
4020000000	-3.54399781090189	-0.923664140901884	-0.725556462901885	-1.17400102390189	-1.99998371590188	-1.11696542690188	-1.03600538490188	-0.689122596901882	-0.603625799901884	-0.582545097901885
4152500000	-3.33956246971761	-0.69043679971761	-0.743266918717609	-1.05472495971761	-2.07187152271761	-1.15221445671761	-0.914414339717609	-0.831355595717611	-0.70082163771761	-0.680070088717606
4285000000	-4.23654872798758	-0.625827871987582	-0.682881425987581	-1.16804239598758	-2.27881826098758	-1.02322429298758	-1.05482446098758	-0.992461354987583	-0.622371057987579	-0.643492072987577
4417500000	-4.70398927312819	-0.331064403128195	-0.945825638128198	-1.29148838212819	-2.3870425881282	-1.0582564541282	-1.0296710001282	-0.962009526128192	-0.767499859128193	-0.761576205128193
4550000000	-4.76982687461484	-0.499699345614836	-0.864654060614839	-1.47822781661484	-2.44554557061484	-1.07875879361484	-1.20027271061484	-0.950879925614835	-0.818627561614839	-0.996246773614835
4682500000	-5.76777922176878	-0.299548228768778	-1.07055732076878	-1.68469822576878	-2.39101144376878	-1.17128537976878	-1.17827103076878	-1.15278639576877	-0.999378383768772	-0.925468943768777
4815000000	-6.25325937093695	-0.395740450936948	-1.15425173893695	-1.43646628693695	-2.50198821293694	-1.19148607393694	-1.19659204793695	-1.04946227193695	-1.03662611693694	-0.931856803936945
4947500000	-6.44572420086059	-0.0460519338605891	-1.17247384786059	-1.60286680386059	-2.55568169386059	-1.17245119286059	-1.22616567886059	-1.07356511786059	-1.02130279886059	-1.04758679286059
5080000000	-6.74044856981367	-0.108112796813664	-1.10413012881367	-1.58360090681366	-2.47881772181367	-0.998088114813669	-1.14414498881366	-1.10950183881367	-0.892145360813664	-0.910797667813668
5212500000	-7.5525462471076	-0.772441188107599	-1.1720902751076	-1.4843612931076	-2.4445578641076	-0.886771020107602	-1.0937024951076	-1.0215698871076	-0.943665750107606	-0.954970151107602
5345000000	-7.49956775031523	-0.460640952315231	-1.01343392431523	-1.52920450231523	-2.30890790931523	-0.842393187315231	-1.11911061231523	-1.08000781631523	-0.91863662931523	-0.998659271315226
5477500000	-7.49259199504427	-0.388388707044271	-1.08556227204427	-1.37484209604428	-2.46134998604428	-0.813989242044272	-1.05529526804428	-1.12563357004427	-0.931816679044275	-0.852135125044271
5610000000	-8.50316293960536	-0.865905087605363	-1.17711089160536	-1.57994807660536	-2.36813054460536	-0.779182228605357	-1.11036018560536	-1.02854297360536	-0.994582802605358	-0.915438554605359
5742500000	-8.64382861693625	-1.01549725693626	-1.14977296393626	-1.54984476193626	-2.70272610993626	-0.710353216936255	-1.04594732993625	-1.08001709993626	-1.02632675093626	-1.01672501593626
5875000000	-8.35294810508847	-0.612067853088462	-1.20984485308846	-1.46810357308846	-2.63868981908846	-0.655425893088463	-1.07723334008846	-1.15379298108846	-1.08094848008846	-1.07153408708846
6007500000	-8.9953026279176	-0.942924548917603	-1.2560143069176	-1.7078493649176	-2.6901725829176	-0.651197343917602	-1.1444124759176	-1.0449244559176	-1.0736687109176	-1.0780319629176
6140000000	-9.98246913458912	-1.59465614958912	-1.28970042458911	-1.66900643958912	-2.60950913258912	-0.529260880589121	-1.15279500758912	-1.14628746658912	-1.14858738758912	-1.15601466658912
6272500000	-9.53801448242648	-1.00340974442648	-1.41320812742649	-1.82517291142648	-2.71177024142649	-0.438720865426482	-1.09877262942648	-1.11337445642648	-1.10178446342648	-1.13593086842648
6405000000	-9.41087767495259	-1.11246294495259	-1.22272729895259	-1.67293842595259	-2.8179387009526	-0.430971922952594	-1.10887410695259	-1.27567299795259	-1.12842172195259	-1.15773816495259
6537500000	-10.6203866321597	-1.87630781715968	-1.48721071615968	-1.86059113815968	-2.77132882315968	-0.351451218159681	-1.03410183315968	-1.29303813515968	-1.19176988115968	-1.34504155515968
6670000000	-9.95609709605665	-1.34113033605664	-1.49936384205665	-2.01841186605665	-2.91248818505665	-0.211266312056644	-1.17091118105665	-1.21892697605664	-1.18311809005665	-1.37609508905664
6802500000	-9.97121949160356	-1.32159625560356	-1.46546371060356	-1.79844263560356	-2.89108409960356	-0.134636544603559	-1.07605789960356	-1.25490688260356	-1.27102832360356	-1.38462348060356
6935000000	-11.9995240951973	-2.40859029319731	-1.51578424619731	-1.93196670919731	-2.93293738119731	0.038082862802689	-1.09488673319731	-1.27296468219731	-1.31777381219731	-1.43389486619731
7067500000	-11.5803060643773	-2.32008262437734	-1.58094546637734	-1.98138467837735	-3.00195003137734	0.113161618622655	-1.09379246537734	-1.20846499337734	-1.35466089037734	-1.35658730537735
7200000000	-10.2247796363628	-1.72878444936282	-1.68295774936281	-2.09628716436281	-3.14294881936281	0.152187712637186	-1.05569447436282	-1.36402946536282	-1.47938942636281	-1.48608405036282
7332500000	-11.2487064309299	-2.27057650492992	-1.56302381992992	-2.06644736892992	-3.09337706492992	0.193841661070081	-0.957531413929921	-1.33603044092992	-1.30114736192992	-1.43444010692992
7465000000	-11.8274802242551	-2.83387077325506	-1.70761494225507	-1.96945250825507	-3.03786728425507	0.275494623744933	-0.966509115255072	-1.33997844225507	-1.36130893825507	-1.54663153425507
7597500000	-10.9850216417416	-1.96618583374161	-1.69639300074161	-2.29841983074161	-3.21400180074161	0.346423491258392	-0.940191142741611	-1.42609388074161	-1.48590857474161	-1.48485970074161
7730000000	-11.8697996048655	-2.55075169286552	-1.71146439286552	-2.27291786086552	-3.17643468886552	0.369965948134478	-0.818855263865522	-1.38350581286552	-1.41705122886552	-1.54079777586552
7862500000	-13.1374550412201	-3.61981055722014	-1.79722986422014	-2.16064301922014	-3.33139904322014	0.39925328677986	-0.897502083220139	-1.32154515822014	-1.47666482922014	-1.61660440122014
7995000000	-12.3868510365761	-3.31964796657609	-1.91052822657609	-2.21384332657609	-3.29792938157609	0.452351267423907	-0.93173157057609	-1.37255738357609	-1.4525627965761	-1.7357069115761
8127500000	-12.3169896280139	-3.47458495601391	-1.77103908801391	-2.33142431901391	-3.20617255301391	0.479418338986093	-0.983678488013908	-1.38415281301391	-1.41742947201391	-1.6786094410139
8260000000	-13.7786620433807	-4.22793803638067	-1.90895809038067	-2.32248209738067	-3.40710170938067	0.43813920961933	-0.906012146380668	-1.36049489538067	-1.54299437238067	-1.69067922638067
8392500000	-13.3885992359657	-4.27740619996572	-1.96719678996571	-2.28330842596571	-3.45672176396572	0.508512590034286	-0.787867287965717	-1.32329882796572	-1.51414389196572	-1.59340624096571
8525000000	-13.8796142064847	-4.19690869848471	-1.94921103848471	-2.42023066448471	-3.2563296864847	0.524983959515296	-0.709129609484705	-1.34840765148471	-1.63691845848471	-1.6295611344847
8657500000	-14.3431703261304	-4.75413154113038	-2.01396480713038	-2.50840580113038	-3.25610514013037	0.455936875869625	-0.826471467130375	-1.48202831813038	-1.55190237713038	-1.67958188913038
8790000000	-14.6353076013732	-5.44109574637316	-2.05464252537316	-2.46237561837317	-3.55055462637316	0.255862383626834	-0.760910589373161	-1.29292001537316	-1.51881952337316	-1.79764429437316
8922500000	-15.1160280583557	-5.24889990935569	-1.88288822735569	-2.5818399103557	-3.5269574053557	0.337531428644304	-0.861962238355694	-1.39290940035569	-1.5888779603557	-1.83859201335569
9055000000	-15.0477722289909	-5.78817327199091	-1.98553749699091	-2.42682108999091	-3.47090069399091	0.200547701009093	-0.618293397990911	-1.43095886499091	-1.58127808999091	-1.90917770099091
9187500000	-15.4638007949203	-6.2177071459203	-1.9921118769203	-2.58437021292031	-3.5671613349203	0.0603093280796969	-0.642831118920306	-1.3465972969203	-1.6500746509203	-1.7477454599203
9320000000	-15.6635799134276	-6.35433035942758	-2.10690900342757	-2.60086725942758	-3.58592605542758	0.0976206665724249	-0.589583274427575	-1.32593813142758	-1.67402286442758	-1.80842537342757
9452500000	-15.7011700989079	-6.44054440590786	-2.05831919190786	-2.56986032390785	-3.66345166490786	-0.0842195449078602	-0.599550351907858	-1.32892396590785	-1.63182359190786	-1.81634604290786
9585000000	-15.8201818801943	-7.18629236119427	-2.20210845919427	-2.62387313319427	-3.70827791919427	-0.366625120194271	-0.532234112194267	-1.31236620019427	-1.64203444519427	-1.79993699819427
9717500000	-15.9600851938542	-7.01445501685421	-2.22995007085421	-2.74189185885421	-3.76321756885421	-0.324923511854209	-0.530429796854207	-1.31461135485421	-1.63967978385421	-1.86022109485421
9850000000	-17.082377919637	-7.30253768863701	-2.08162566063701	-2.67720600663701	-3.79713874463701	-0.374256345637008	-0.446295750637006	-1.39914083163701	-1.66409719563701	-1.97763253663701
9982500000	-16.3524136210404	-7.78961002504037	-2.17020080504037	-2.67154455504037	-3.87070364804037	-0.840193890040375	-0.532595354040375	-1.32654979904037	-1.77876952104037	-1.88141013504037
10115000000	-17.0598017398201	-8.1470285908201	-2.3130429198201	-2.81302707282011	-3.8465461188201	-1.0161144228201	-0.462630083820102	-1.3938165828201	-1.7636707378201	-1.9932068338201
10247500000	-17.2058450487309	-8.11861901673094	-2.25491510373094	-2.80501762573094	-4.00613102173094	-1.29335929773094	-0.593045002730939	-1.27527518273094	-1.74012686073094	-2.02529089473094
10380000000	-17.4763337139242	-9.03493240992417	-2.25536433092417	-2.94960364492417	-3.96772070092416	-1.57685305892416	-0.48573450492416	-1.32209673392416	-1.84830317892416	-2.09073870892416
10512500000	-17.6641209056771	-9.33261311167711	-2.19598811967711	-2.98967034667711	-3.94406543667711	-1.71203972967711	-0.503257863677106	-1.31857194967711	-1.81853427967711	-2.07316400667711
10645000000	-17.6827936377521	-9.28095465875207	-2.55641016975207	-2.97434072475207	-4.03931055875206	-1.71448714575207	-0.628372165752069	-1.41911775175207	-1.80748518475207	-2.03183107675207
10777500000	-18.4334271663393	-9.83909316933931	-2.46823723133931	-3.05985426133931	-4.05589097433931	-2.11683118433931	-0.667776434339309	-1.39687283333931	-1.79248291233931	-2.14147679433931
10910000000	-19.0537956844669	-10.4433085234669	-2.42494524246688	-3.12164970246688	-4.17717788846687	-2.53135301446687	-0.685136544466872	-1.40023379446687	-1.86168761646687	-2.25260105446687
11042500000	-19.019957131882	-10.861274383882	-2.34713568188199	-3.09122925688199	-4.20842950488198	-2.59942228488199	-0.607601527881982	-1.34430911288199	-1.99611568988198	-2.26715906288199
11175000000	-20.1818856804036	-11.0435684434036	-2.61903655140362	-3.14715052240362	-4.07601717940362	-3.05276587840362	-0.705922098403619	-1.41061329040362	-1.89071212340362	-2.11137638340362
11307500000	-20.0014131067014	-11.5675938107014	-2.50417623570139	-3.22924049270139	-4.0301508217014	-3.3767752097014	-0.848175343701399	-1.43297426870139	-1.9347357387014	-2.2408533397014
11440000000	-20.5424499614055	-12.0436253264055	-2.48924570940549	-3.0828402174055	-4.2513945994055	-3.5664009484055	-0.822058559405498	-1.3460321104055	-1.8839044154055	-2.2559803894055
11572500000	-20.5188893666523	-11.8669653616523	-2.61257276365227	-3.02733133965227	-4.15826304165227	-3.82560682665227	-0.811757553652271	-1.30876424165227	-1.77751773265227	-2.27041092365227
11705000000	-20.766607541632	-12.7487197236321	-2.59323054263205	-3.33164915963205	-4.28137296263205	-4.28810756463205	-1.11624184763205	-1.40578016563205	-1.99076347463205	-2.34995652263205
11837500000	-21.2007692447224	-12.9203305597224	-2.73116539272236	-3.22330566072236	-4.42385568672236	-4.52591740772236	-1.02293003972236	-1.38337662672237	-1.90866885672236	-2.28771507072236
11970000000	-21.055466138942	-13.063722753942	-2.751001948942	-3.266109096942	-4.427335106942	-4.869062296942	-1.151790855942	-1.393483775942	-1.97268993994201	-2.384266413942
12102500000	-21.717209207648	-12.6725451936479	-2.77364849664795	-3.12284024364795	-4.28244166264795	-5.12155756764795	-1.32045030264795	-1.45001414064795	-1.86771411564795	-2.38571913764795
12235000000	-21.7769650071444	-13.5848567831444	-2.66366429914439	-3.2721525731444	-4.4955224531444	-5.4538534311444	-1.3674195651444	-1.5321167661444	-1.9794067671444	-2.3979496751444
12367500000	-22.2172715922448	-13.5444062212448	-2.92124220524482	-3.38146880824483	-4.47290709624482	-5.58952761224482	-1.49507035724482	-1.56976874724482	-1.98517112124483	-2.47485452924482
12500000000	-21.8556564699596	-13.7290432499596	-2.79401145095959	-3.44702747695959	-4.56318455495958	-5.86683814995958	-1.64154736195959	-1.60090083495959	-2.03059066395959	-2.34742915195959
12632500000	-22.2678862890716	-14.1576682570716	-2.91800697807164	-3.46847419407164	-4.68968352107164	-6.07070431307164	-1.89036580007164	-1.63760876307164	-1.99099690507164	-2.44590362507164
12765000000	-24.2395778789299	-13.7575304919299	-3.05494756092988	-3.53586448192988	-4.65970354292988	-6.63107464492987	-2.07729513992988	-1.67323902992987	-2.23391005892988	-2.53158299692988
12897500000	-23.2763746617831	-14.7225833797831	-2.97668163178305	-3.64335548378305	-4.56468160378305	-6.88558304978305	-2.23397299678305	-1.78970208778306	-2.30894300178306	-2.75907071478306
13030000000	-22.7977419595485	-14.9440940395485	-2.91171182454845	-3.48801156854846	-4.90399055854846	-7.14432148554846	-2.33921783354846	-1.78691771354845	-2.16732482454846	-2.58727973154846
13162500000	-22.9498138491793	-14.9828160871793	-2.97940775317932	-3.78638015417933	-4.82172875017933	-7.33524100517933	-2.57425900717933	-1.90100583217933	-2.24693827317932	-2.56063682917932
13295000000	-23.4858663316384	-15.0806928506384	-3.1565742966384	-3.5354458456384	-4.8694496166384	-7.56761326963839	-2.82341580263839	-1.9981905266384	-2.2959803536384	-2.6401361896384
13427500000	-22.3529226695257	-16.4513016625257	-3.02922820052566	-3.74908537152566	-4.86570917052565	-7.91295646652566	-3.00330770252565	-2.08527012452566	-2.38166070852566	-2.69308201752565
13560000000	-23.7080254330669	-15.7442617110669	-3.13072372306686	-3.72700803906687	-4.73914850906687	-8.09232537706687	-3.12188753606686	-2.02580842206687	-2.38178086006687	-2.62579924506687
13692500000	-23.5688307967744	-16.5023882047744	-3.14268495977439	-4.03081166377439	-4.95835826277439	-8.80540601277439	-3.39568335277439	-2.20647913577439	-2.45258057577439	-2.77006577877439
13825000000	-24.1729177201941	-17.1369332641941	-3.3183605921941	-3.80159052319409	-4.87155916919409	-9.2932022531941	-3.6797914951941	-2.23464242819409	-2.5006386031941	-2.82456712719409
13957500000	-26.1129108192894	-16.8795315232894	-3.26699834328941	-3.88826395928941	-5.14239269628941	-9.70243820728941	-3.73993233328941	-2.32099473128941	-2.38396669528941	-2.90667233828941
14090000000	-25.5306106584311	-17.3217945964311	-3.28812282643107	-3.64696379443107	-5.12071804843107	-9.90959705743107	-4.13354747643108	-2.31867868143107	-2.47797885343108	-2.75218485943108
14222500000	-28.2633348281147	-18.4435893841147	-3.37450406811467	-3.99159585111467	-5.17476127911467	-9.66406746811467	-4.05044984911467	-2.54629039211467	-2.61271659811467	-2.83989133111466
14355000000	-26.4137767772175	-18.1540542702176	-3.30575314421755	-4.04550427221755	-5.21305171021755	-10.5537237702176	-4.36207093321755	-2.67137705821755	-2.50678879621755	-2.90600497521755
14487500000	-26.7324657424776	-18.6977937354776	-3.26357674847762	-4.03466652647761	-5.06371251747761	-10.6102328994776	-4.65108676147761	-2.73474858447761	-2.69771507447761	-2.81021292347761
14620000000	-23.9069215482254	-18.3153793812254	-3.4494343182254	-4.23142994922539	-5.50165865622539	-10.9276419662254	-5.0998288572254	-2.6967284062254	-2.50539262822539	-2.9336102212254
14752500000	-25.6527339394104	-19.2009888004104	-3.49788155241037	-4.21802149041037	-5.24930265541037	-11.1376254334104	-5.04108327141036	-2.76244901341037	-2.61213475141037	-2.99673472841037
14885000000	-29.5134098303183	-17.8426365843183	-3.46486950731832	-4.00750449431832	-5.19768571231832	-10.9707686013183	-5.35640563731832	-2.88238333031832	-2.69310802031831	-2.84121639831832
15017500000	-25.8255410976889	-18.6623857636889	-3.73002884368891	-4.25548039468892	-5.41245908168892	-11.5906510226889	-5.54074587268892	-3.15033489068892	-2.70640779868891	-3.03171678768891
15150000000	-27.8413323008024	-19.4077220938024	-3.52937893480243	-4.48568001180243	-5.62377071980243	-11.4993592468024	-5.69465222380243	-3.38357465380243	-2.76439599180243	-3.09013046480243
15282500000	-27.2402139877741	-19.2131567487742	-3.67903616677415	-4.48172424777415	-5.54961665177415	-11.4194614877742	-6.03951749777415	-3.26617993777415	-2.93294055577415	-3.11189749977415
15415000000	-30.0490729790824	-19.8552337310824	-3.72656533008239	-4.38977822208239	-5.44263973508239	-12.4270457640824	-5.84938053208239	-3.4692394160824	-2.84806406408239	-3.21863958908239
15547500000	-26.4368909371027	-19.9482024611027	-3.68826340810274	-4.41605818710274	-5.76776099110274	-12.4023826381027	-6.31179313310275	-3.41592238710275	-3.01841162010275	-2.97382337510275
15680000000	-26.0227159123604	-19.9785299783604	-3.97832396936039	-4.53062834436039	-5.81944544336039	-12.7762154173604	-6.75622579136039	-3.64388353036038	-3.24274249136039	-3.47731773536039
15812500000	-25.4231627084001	-20.5656252394001	-3.81277703140013	-4.65781449940013	-5.59106138340013	-13.0273786534001	-7.19518318840013	-3.89890766940013	-3.48457967340013	-3.50594056940013
15945000000	-25.8452213946641	-19.8414288396641	-3.98531573466406	-4.93005637466405	-5.85074943066405	-13.1175242816641	-6.93088001166406	-4.08370918666406	-3.47885965566405	-3.50381235466406
16077500000	-27.8187697131758	-20.2542295951758	-4.25626438417582	-4.71888676017582	-6.07043975917582	-13.0313897851758	-7.40057585417582	-4.27938847517582	-3.62445562117582	-3.39862507117582
16210000000	-31.1704049092288	-20.6711466092287	-4.08753294422876	-5.00446340322875	-6.03402961222875	-13.2985775572288	-7.13564879222875	-4.36629463422875	-3.83094293922875	-3.53862404122875
16342500000	-27.0378633471653	-21.7289239691653	-4.08111385516531	-4.87192350916531	-5.97695306716531	-14.3621515821653	-7.96532935016531	-4.64172635116532	-3.87009924016532	-3.54838627816532
16475000000	-32.1422630816475	-19.4882552766475	-4.30638396364746	-4.82586412364746	-5.99105008364745	-13.7844179576475	-8.21411369864745	-4.71383982664745	-3.67627616364745	-3.61572605764745
16607500000	-27.8815576929451	-21.1279199879451	-4.16606825694508	-4.60595008594508	-6.04667208294508	-13.7959409999451	-8.23499228594508	-4.85863499494508	-3.96694568494508	-3.76775198894508
16740000000	-26.3601942241747	-22.0663218801747	-4.0716255091747	-4.8468343201747	-5.9565000791747	-14.3598161311747	-8.5090975971747	-4.9350786061747	-4.0788440271747	-3.7086571831747
16872500000	-31.8424644282269	-22.8166244002269	-4.15748347022686	-5.17531308722686	-5.88515202222686	-15.6710764292269	-8.86234515422687	-4.96341063922686	-3.94398025922686	-3.71153677522686
17005000000	-31.147705042186	-22.993723344186	-4.37757555518601	-4.84531350318601	-6.13784494018601	-14.168869478186	-8.68091367318601	-5.383396643186	-4.03838279818601	-3.87549624218601
17137500000	-31.7913421900872	-22.8411020030872	-4.33341793908725	-4.95037678208725	-6.40781537208725	-15.9872725980872	-9.00899579808725	-5.49080599208725	-4.09123505108725	-4.08074153608725
17270000000	-27.5497679093064	-22.0159868503064	-4.75513771330638	-5.01892223630637	-6.51031503430637	-15.3165794033064	-9.07537179930637	-5.71324685630637	-4.47413150830637	-3.97996659530637
17402500000	-30.4317077364061	-23.1441127554061	-4.20849248440606	-5.14156417040606	-5.97576301040606	-16.0046704384061	-9.07562817540606	-5.89937094140605	-4.40522745940606	-3.97422292040606
17535000000	-27.8748580698409	-23.8170708648409	-4.56691899684091	-5.11710931684091	-6.65769856184091	-16.3205599338409	-9.47055894184091	-5.93599433984091	-4.49650418184091	-4.05893384684091
17667500000	-25.8991402670391	-22.4377049110391	-4.67620697903908	-5.47546328203908	-6.43555393403908	-15.9468808620391	-10.2092346200391	-5.88483949103908	-4.71046741503908	-4.20315891103908
17800000000	-31.9352120038091	-24.2289918668091	-4.41995319880905	-5.17238006080905	-6.07823325680905	-14.8794345498091	-9.81292296980905	-5.89058963580905	-4.67373489280905	-4.15219599480905
17932500000	-33.1209592201451	-26.5924685121451	-4.76018281614513	-5.25735061714513	-6.85726944614512	-15.7674235651451	-10.0987357961451	-6.34054939214513	-4.60256422114513	-4.23578495314513
18065000000	-28.0750653875743	-22.9709347585743	-4.35964369657429	-5.29689755757429	-6.93681017157429	-16.5154857445743	-10.3257784035743	-6.54660346957429	-4.80316694257429	-4.50979881657429
18197500000	-29.5521422099586	-23.2090034349586	-4.9932693499586	-5.34250120495859	-6.81741184095859	-15.2382240679586	-11.5769465999586	-7.29409132195859	-5.33766081395859	-4.59040610795859
18330000000	-29.080770307469	-21.6967783164691	-5.05800416246905	-5.43876864746905	-6.68989976446905	-16.356481274469	-10.973571985469	-7.19905792546904	-5.20760995946905	-4.85513674046904
18462500000	-31.6382581472077	-23.3321375822077	-5.47122870420772	-5.85792846820772	-6.68683370820771	-15.0046669432077	-10.5400737342077	-6.76247844220772	-4.78758243620771	-4.98605290920771
18595000000	-28.5368116699586	-22.7254984149586	-5.4659642949586	-5.7390368609586	-6.9113484659586	-16.0457577559586	-11.3212203159586	-7.8599396469586	-5.5579017139586	-4.9601287829586
18727500000	-29.478174924628	-22.577096079628	-5.665395393628	-5.65805862362801	-7.44778798262801	-16.805572169628	-11.945364077628	-7.390721273628	-5.40884166862801	-4.72777306962801
18860000000	-31.059275878398	-27.310728272398	-5.61059020739798	-6.05539362739798	-7.77046897839799	-17.684300090398	-11.744155391398	-8.04454751839798	-5.72511843639798	-5.43208689039798
18992500000	-27.9509361241629	-25.2314135321629	-5.13051231116287	-6.30217374116287	-7.16258717216287	-20.8989099321629	-12.0303865881629	-8.18137430116288	-5.70798818416287	-5.33196804516287
19125000000	-33.2024131687461	-28.0405875477461	-5.28199822474612	-6.42949444074612	-7.32909393174612	-19.0325258527461	-12.2967172927461	-8.46518711074611	-6.03420933674612	-5.38909314674611
19257500000	-30.8409841320534	-27.2603933730534	-5.62074355005338	-6.06426334005338	-7.69010558505338	-18.7013220020534	-12.4308825000534	-8.92951741505338	-6.25190216805338	-4.79732137005338
19390000000	-39.7594643752313	-27.0824346822313	-5.73487308423127	-6.15955783223127	-7.61096610023127	-20.2922465062313	-12.7347718092313	-8.79533140123127	-6.24704273023127	-5.43029233323127
19522500000	-33.0823675096917	-24.5370686446917	-5.33655680669174	-5.99630468369174	-7.35286590869174	-17.5795504526917	-12.9501258506917	-8.77093828169174	-6.57061381669174	-5.49363191169174
19655000000	-26.8187108053798	-25.7821028253798	-5.56577118237975	-6.34598458237975	-7.48686750437975	-18.8645086503797	-13.3717732223798	-9.33305144037975	-6.65982879037975	-5.75986655137975
19787500000	-37.2225982020041	-21.7126445820041	-5.68185194400407	-6.81174012100407	-7.57831326000407	-18.8272193620041	-13.1348393820041	-8.77511413400407	-7.26940862400407	-5.82996733300407
19920000000	-37.3758859621352	-24.5662066691352	-5.40239926813516	-6.45919021313517	-6.62852798913516	-18.1184672861352	-13.0914886861352	-9.61214099113516	-7.37647343413516	-5.45586273013517
20052500000	-36.9818606207305	-24.1576629927305	-5.58971545173054	-6.30066346173054	-8.43878638473054	-19.4123171737305	-13.5871934967305	-9.02174466473054	-6.37745756973054	-5.85820839373054
20185000000	-37.2433738198152	-25.6150539978152	-5.11067812581526	-6.31684434481525	-7.55050943681525	-19.0778800278153	-13.8745721218152	-9.62742045181525	-6.54405929481525	-5.70100252281525
20317500000	-27.3912324435378	-25.0749523295378	-5.97311905453784	-6.44216130153784	-7.53988079853784	-18.9891847355378	-13.4370689955378	-8.90407326553784	-7.56224853753784	-5.52950947353784
20450000000	-29.102513352616	-27.528906997616	-6.24148999061605	-6.11557858661605	-7.62613904961605	-19.034351603616	-13.277878312616	-9.10595608461605	-6.99261941861605	-6.13307690761605
20582500000	-30.1533091240094	-27.5732549060094	-5.98781479900942	-6.94597668600942	-7.95626736200943	-21.2504429560094	-14.1050309330094	-9.96104079400942	-7.26591276000942	-6.55710873100942
20715000000	-30.6346313260324	-25.0377152470324	-6.20223092503238	-6.94599139603238	-7.34008526403238	-20.3605316860324	-13.7265091440324	-9.92004971703238	-7.69515844703238	-6.96487183703238
20847500000	-30.5744343595679	-23.9248776215679	-6.42819633756785	-7.13576223456786	-8.02932195156785	-17.9576129165679	-13.6374507655679	-10.5390100195679	-7.09125555456785	-6.40478656556785
20980000000	-34.3548061807814	-25.1290773307814	-6.49378096578143	-7.45024480978143	-8.53201340178143	-18.2482410727814	-13.6780419727814	-10.9026589647814	-7.57536715878143	-6.30961633878143
21112500000	-32.7972690887267	-23.6812565107267	-6.94995552772669	-7.55779235272669	-8.16560659772669	-20.2486396597267	-14.6391086437267	-10.3792381937267	-8.38791808972668	-6.81105846872669
21245000000	-39.7015442498317	-25.8204893138317	-7.36372633083175	-7.12188666583175	-8.75052768383174	-19.1953284828317	-14.3985349478317	-10.2456542138317	-8.30959467383174	-7.03530954883174
21377500000	-28.8610055626365	-24.4387766016365	-6.57395375763655	-7.71156304263654	-8.95106447163654	-20.1952685736365	-15.1055696646365	-10.3876578456365	-8.62484183063655	-7.55489740963655
21510000000	-30.6407428927409	-22.2338879607409	-7.38503754874087	-7.35190438374087	-8.88084561474086	-23.3056197167409	-16.9889112827409	-10.8077850617409	-9.21036614874087	-7.96589652774087
21642500000	-29.5224706437115	-30.9967033477115	-7.2199900747115	-7.9454276587115	-8.94927130571151	-23.6449758057115	-16.7564186967115	-11.9528189317115	-8.9350836407115	-7.9447304327115
21775000000	-35.6151533924226	-27.9116335844226	-7.16885709542258	-8.49764660642258	-8.90683133842258	-24.4661896564226	-15.9015833574226	-12.0296914674226	-9.06273942342258	-8.19803194342258
21907500000	-31.1751701842476	-27.9931727652476	-6.82038926524759	-8.27472571824759	-9.27328320324759	-24.0231064002476	-16.5765453472476	-11.6146374502476	-8.93268860324759	-7.0904503062476
22040000000	-31.4337292517319	-31.8146344847319	-7.85340632473194	-7.14220257673195	-9.55483423873194	-25.6435628517319	-18.0199635117319	-11.8393467287319	-9.34556384373195	-8.22003141173195
22172500000	-47.9025331471075	-29.4208724431075	-7.70708986210753	-8.26042026010753	-9.86203158010753	-23.7223409751075	-15.8241308631075	-13.0969209281075	-9.93816677010753	-7.98183997410753
22305000000	-30.4768314649649	-28.8214574659649	-7.82952197896489	-7.71572764696489	-9.85432661196489	-22.1132482139649	-16.0222966729649	-12.3193216459649	-8.81977759296489	-8.08248043096489
22437500000	-32.4510236784014	-27.3702218184014	-7.66226732540139	-7.88440219140139	-9.7538838234014	-27.1943023044014	-18.7878598484014	-12.5573003354014	-10.2675677074014	-8.6411288274014
22570000000	-36.9958251911505	-28.2032127761505	-7.91744933815047	-8.31813054815047	-9.85928082915047	-26.3192500641505	-17.6461442721505	-12.7708018271505	-9.67242616015047	-8.67300200215047
22702500000	-26.278941615868	-34.504356298868	-7.42465365486802	-8.30063478486802	-9.32932189986802	-21.365362021868	-16.618326853868	-12.845901597868	-9.77891798886802	-8.13673179486802
22835000000	-31.4623708883263	-31.7335389073263	-7.7109050853263	-8.04296589332629	-9.52888225732629	-25.3012472683263	-18.6912601733263	-12.7948294783263	-9.46705906432629	-8.71487684032629
22967500000	-27.3623000596457	-37.8646041456457	-7.97354190064571	-8.13539475264571	-9.8155514086457	-23.1801494966457	-16.6608993426457	-12.7882199706457	-9.80112195464571	-8.9830292616457
23100000000	-28.5900559673802	-32.6372546833802	-8.00891478138016	-8.90051124638016	-9.29973384638016	-23.6964046833802	-15.9078553773802	-13.4802075243802	-9.82351368838016	-8.36160736038016
23232500000	-55.6571709822537	-28.1111142352537	-8.60829717025374	-8.32215601225374	-10.2871424462537	-21.6129822512537	-17.6166670822537	-12.7187302472537	-10.0059962342537	-8.47367239625374
23365000000	-31.8637935239002	-27.3072624809002	-8.42503010290023	-8.30433213690024	-10.7216665309002	-22.9850911329002	-16.8282886039002	-13.3228627939002	-10.4896240529002	-9.16580572990024
23497500000	-35.0500431235406	-28.3625538595406	-8.51964728954058	-9.11711042254058	-10.0819049025406	-21.7680592505406	-20.1087055795406	-14.4098704955406	-10.0737687635406	-9.18283118954058
23630000000	-33.5308024973208	-23.1145156903208	-8.42893806632078	-9.68772750932078	-9.76802354032078	-23.1409654173208	-18.3108553003208	-14.3877919353208	-10.8298614213208	-8.92990563432078
23762500000	-31.4906074477189	-27.9090021627189	-8.83700728771891	-8.85784537571891	-9.66532802171891	-22.6473455267189	-17.6283072567189	-12.8423894847189	-10.3058986417189	-9.32543263771891
23895000000	-36.1500219348114	-27.4761964338114	-9.3894083598114	-9.3851861518114	-10.0687061898114	-24.4188977968114	-19.8036347908114	-13.7759310378114	-11.4118831468114	-9.4867307628114
24027500000	-29.6655175069135	-26.7339682069135	-9.12747896991345	-9.44579832891345	-10.4789334819135	-26.8938634879135	-19.7867022479135	-14.4395382499135	-10.6074848789135	-9.29289933291346
24160000000	-40.3589055357782	-30.3604629777782	-9.20766896677817	-10.1809120617782	-11.0681853987782	-22.3665459977782	-17.2800703547782	-13.8502667937782	-10.8246443777782	-9.68754904577818
24292500000	-41.5186872074306	-29.0215028774306	-9.02225718643059	-9.76332805943058	-11.7457581634306	-25.4834744124306	-19.2209659304306	-15.3485873644306	-11.9019306324306	-9.97943070143059
24425000000	-35.7246040461871	-28.7359217731871	-9.28846710218712	-9.64073607918712	-11.5314665091871	-26.7847491641871	-19.4538458731871	-14.8864990731871	-11.9706231201871	-10.8357290781871
24557500000	-46.5676986567976	-31.7745470537976	-9.67888635779757	-9.78304587079757	-10.0790106727976	-24.0118472147976	-20.5760140867976	-14.7223898707976	-11.8702768047976	-10.2856032297976
24690000000	-37.0459069491928	-30.0440154901928	-9.1589035671928	-9.8614712491928	-11.1763948521928	-29.2936236701928	-20.8869317401928	-15.5792385051928	-12.3386817961928	-10.8996327631928
24822500000	-40.8829073180348	-36.6548391640348	-10.2300937090348	-9.48718824303483	-10.8484594870348	-27.6736899230348	-20.2090293960348	-16.1196744730348	-12.5905923640348	-10.7325761730348
24955000000	-31.8930762041355	-40.0092950641355	-9.40283428513553	-10.1458822131355	-10.8797923911355	-32.0566989511355	-18.0101494461355	-14.5144958451355	-12.0885521451355	-10.3135101461355
25087500000	-31.7835411428866	-32.4224487238866	-10.3095465738866	-9.65676491188656	-11.3271992408866	-26.8279534688866	-19.5907809198866	-15.4011159738866	-12.3522573948866	-10.8202477718866
25220000000	-32.8676034300931	-28.5189690320931	-9.18165731409309	-9.17079114009309	-10.9455856200931	-24.8462649850931	-20.8366609970931	-17.4107593770931	-11.6589959830931	-10.8000847980931
25352500000	-28.377532058558	-35.588076587558	-9.983812203558	-10.442242544558	-11.945305831558	-24.257423573558	-20.804474895558	-16.137478948558	-12.515199498558	-10.509604054558
25485000000	-41.8636296433981	-35.5776034913981	-10.0342852373981	-10.1436981543981	-11.0987309023981	-28.2370993503981	-21.2981524863981	-15.4626198293981	-12.8535554363981	-11.3583142303981
25617500000	-41.8619749838928	-31.5330903768928	-9.85053390989282	-9.96558733989282	-11.7184434128928	-24.2520546048928	-19.0415835838928	-15.7347122758928	-12.1975025598928	-11.6493044418928
25750000000	-29.8680104928205	-32.0426589648205	-10.8106350318205	-10.3699240868205	-11.9494337908205	-24.9260131328205	-21.1143933728205	-16.7454460928205	-11.5626345158205	-10.7182524128205
25882500000	-34.6701803454508	-30.1453738434508	-11.2121281624508	-10.7509239964508	-11.8689175554508	-24.6539769034508	-20.1951638644508	-15.0800633364508	-12.4376614454508	-11.6705326224508
26015000000	-27.1185441381353	-26.7431942261353	-10.3864743411353	-10.4039061221353	-11.6983514401353	-27.9425629671353	-19.4936070241353	-16.8157178421353	-12.9190015771353	-11.1747580041353
26147500000	-29.7111080656133	-31.8793925896133	-11.1112826006133	-10.1779074866133	-11.4221742476133	-23.1574017876133	-19.2731707706133	-15.7282228676133	-13.5305371036133	-11.4563713556133
26280000000	-37.5867264760515	-30.1375632690515	-10.8568758580515	-10.7090301550515	-12.8854708350515	-23.5382068340515	-23.4877822700515	-17.5262904610515	-13.1535123510515	-11.2939882480515
26412500000	-29.5485920107309	-28.4374858607309	-11.0458143837309	-11.3064226017309	-12.1472175467309	-22.2137247527309	-21.1049477907309	-17.0160362337309	-12.5581968897309	-11.7233348137309
26545000000	-33.6513351942614	-31.5476859312614	-10.6717091882614	-11.2126808222614	-12.6450939742614	-27.3195759522614	-19.5704967462614	-16.0437344052614	-14.7768495262614	-11.8793121242614
