Current	NuR	Gamma	Fp	C
1.4	4447797291.20739	25663246231.27	44602246184.3054	0.986416243709761
1.8	7020467770.43627	36523179630.0351	11003863181.5559	1.92877459357368
10.4	21467266725.2941	122324919668.095	10034538758.7372	2.7939278636934
12.9	22656621891.6381	141874840897.014	10481343621.9146	2.53998387890242
15.6	22232063684.0269	169062256123.96	14412463692.2942	1.7454540667977
2.5	9965913582.53358	39796452155.4773	8728379850.05553	2.26144307634324
3.5	12890430214.6396	54937400778.3576	8924283026.67147	2.5077659632658
4.8	15626630169.746	72516742254.9161	9054013751.65033	2.76026126242693
6.4	18136022640.2734	94548903847.7194	9848061806.49546	2.84600374774781
8.3	19796333441.8364	104560872365.584	9868390116.38499	2.82915795543637
