sqrt_I_Ith_	NuR	f3dB	NuR_2	Gamma	I	fp
0.632455532033676	10167672248.2433	4648813759.73794	1.03381558947697e+20	163808333817.623	1.4	4858054786.4144
0.894427190999916	6974407399.20811	9378326529.22997	4.86423585701288e+19	37821088888.8607	1.8	12316769962.8663
3.06594194335118	20434634155.1502	26424882950.7763	4.17574273054832e+20	123538864862.519	10.4	19862154378.0454
3.44963766213207	21181895173.5824	27032607605.2604	4.48672683144635e+20	132105258963.607	12.9	19177582406.0793
3.82099463490856	20361356626.8256	25234483756.2768	4.14584843684774e+20	135097592502.595	15.6	20020878120.3759
1.22474487139159	9260213691.63872	13367690520.525	8.57515576148132e+19	36614369970.047	2.5	16211297056.5695
1.58113883008419	12021188548.4702	17296377518.931	1.44508974117871e+20	48530078106.0089	3.5	15614959898.7731
1.94935886896179	14709313046.0454	20751012194.9832	2.16363890286561e+20	66149336235.9635	4.8	15848603912.1044
2.32379000772445	17061685761.4219	23434645041.4712	2.91101121021507e+20	85995084950.0786	6.4	17151869137.2374
2.70185121722126	18915441073.7515	25229202373.6133	3.57793911014564e+20	105174747653.302	8.3	18972829812.2679
