Frequency	M6082_13_17_2_2_20C_1_4mA__17_5dBm_S2P	M6082_13_17_2_2_20C_1_8mA__17_5dBm_S2P	M6082_13_17_2_2_20C_10_4mA__17_5dBm_S2P	M6082_13_17_2_2_20C_12_9mA__17_5dBm_S2P	M6082_13_17_2_2_20C_15_6mA__17_5dBm_S2P	M6082_13_17_2_2_20C_2_5mA__17_5dBm_S2P	M6082_13_17_2_2_20C_3_5mA__17_5dBm_S2P	M6082_13_17_2_2_20C_4_8mA__17_5dBm_S2P	M6082_13_17_2_2_20C_6_4mA__17_5dBm_S2P	M6082_13_17_2_2_20C_8_3mA__17_5dBm_S2P
45000000	-5.182000875	-0.866347140999999	0.910213968000001	0.00815524200000084	-0.253902693000001	0.640563490000005	0.954027047000004	1.52484494500001	2.30047640700001	0.422617708000004
177500000	-4.15413420599999	-1.912301008	-0.143404502999999	-0.500225561999997	-1.67783604	-0.920730635999995	-0.527345257999997	0.161077723000005	0.873267043000006	0.253951927999999
310000000	-6.214907133	-2.25202089299999	0.0191624650000009	-0.463270064	-1.96752796099999	-0.909404943999995	-0.681448011000001	0.174803888	0.297998933000002	0.122298544000003
442500000	-3.513122026	-0.800683905999996	0.812005147000001	0.416524009	-0.809478439999999	0.0413881270000047	0.401666849000001	1.14595668600001	1.502944666	1.21426897000001
575000000	-3.907538153	-1.34284475899999	0.416692441000002	-0.352559708999998	-1.521072633	-0.297373789999995	0.0190829679999993	0.552276408000004	0.984838086000003	0.735996178000001
707500000	-4.34342414034211	-1.51927655934211	0.0245331056578877	-0.306542555342112	-1.55411671634211	-0.447201477342112	-0.26450454234211	0.396041505657891	0.740909817657894	0.366075432657894
840000000	-4.01621025451179	-1.39963106251179	0.126415306488212	-0.523435863511786	-1.53349111951179	-0.480460171511787	-0.417897752511784	0.33422285248821	0.57839842148821	0.499217757488211
972500000	-4.48582917947992	-1.56715157447992	0.0760052085200726	-0.594792166479927	-1.58729376647992	-0.668291442479926	-0.438232345479925	0.135612140520074	0.713118332520075	0.405957990520072
1105000000	-4.49163106773995	-1.51277669573994	-0.205020173739946	-0.516404805739946	-1.73538444773995	-0.703638779739947	-0.463834959739941	0.286402880260056	0.504385046260055	0.403273913260058
1237500000	-4.73595897939221	-1.66058517739221	-0.136437101392204	-0.584478225392211	-1.7272117063922	-0.731311016392205	-0.620587659392207	0.248577391607796	0.377860640607793	0.323100816607791
1370000000	-4.62027559792222	-1.65514083192222	0.0243063960777832	-0.779006635922215	-1.76102560492222	-0.681139132922219	-0.610526632922216	0.0755389230777794	0.423766522077784	0.291634256077785
1502500000	-4.27451752847869	-1.42987114847869	-0.138893008478689	-0.602721899478688	-1.59709214247869	-0.693373365478685	-0.606171936478688	0.0934087925213092	0.338358705521316	0.102846518521311
1635000000	-4.70083511836406	-1.65478579136406	-0.0589071123640608	-0.520324248364062	-1.84848329336406	-0.784944589364066	-0.552289532364064	0.140461390635934	0.499558189635934	0.212288042635933
1767500000	-4.67012038738213	-1.40790569138213	0.0135226106178692	-0.600130261382127	-1.76508127838213	-0.747603955382125	-0.573698799382129	0.156940837617874	0.522572157617873	0.430000881617872
1900000000	-4.24824710626874	-0.92416538426874	-0.170688542268735	-0.427252515268734	-1.82192527726874	-0.798837812268737	-0.735892712268736	0.101795558731261	0.557600755731265	0.37172062073126
2032500000	-3.92551107466424	-0.863652640664235	-0.122166271664234	-0.824663319664232	-1.76328932066424	-0.791278529664233	-0.616640756664232	0.111250972335768	0.252399643335764	0.148332657335764
2165000000	-3.5923488993143	-0.843132317314307	-0.268031369314308	-0.688058020314301	-1.73948880831431	-0.919904523314301	-0.611234008314305	0.0120317976856938	0.323809341685696	0.105426593685692
2297500000	-2.77420720416958	-0.633718227169581	-0.150471536169583	-0.761728656169581	-1.97527329516958	-0.822556516169577	-0.653633713169583	-0.0544789721695835	0.240589290830421	0.167962224830418
2430000000	-2.26811206729276	-0.91717686729276	-0.0829680102927597	-0.578630984292758	-2.19202401429276	-0.992464941292759	-0.752990373292761	-0.319675763292764	0.367094624707242	0.297254688707241
2562500000	-1.80890899258503	-0.507390282585028	-0.498008955585028	-1.04852327858503	-1.93557358958503	-0.928093214585033	-0.981969591585028	-0.198155764585032	0.538295580414967	-0.0775822355850266
2695000000	-1.39295474209344	-0.479785163093446	-0.289690162093443	-0.816716563093443	-2.06020573809344	-0.919416890093444	-0.828300622093444	-0.144211694093443	0.232438449906553	0.259687008906553
2827500000	-1.19448839136909	-0.310009249369095	-0.36308080236909	-0.719616389369094	-2.1661144023691	-1.09536865136909	-0.577753980369096	-0.103503964369096	0.194783580630904	-0.0915645693690905
2960000000	-1.56074690972304	-0.487990008723031	-0.377034975723035	-0.715162377723033	-2.02919036072304	-0.809927937723032	-0.634922324723036	-0.157086388723037	0.209689623276965	0.269022029276968
3092500000	-1.28784995484509	-0.342693898845091	-0.115393992845092	-0.826507738845095	-1.75198073684509	-0.719263759845092	-0.815229138845091	-0.0903511458450907	0.18975542615491	0.0406448271549067
3225000000	-1.44859151459528	-0.31774078459528	-0.19253039059528	-0.636038613595275	-2.02758441959528	-0.569301968595276	-0.604021904595278	-0.188186147595275	-0.0520083895952794	0.210885926404721
3357500000	-1.57707927853571	-0.299663677535712	-0.48136637053571	-0.769714919535708	-2.03294742453571	-0.895915197535707	-0.771854035535711	-0.196483483535708	0.102563483464287	-0.0687092965357081
3490000000	-2.04301150012765	-0.158351931127655	-0.31132397812766	-0.932796568127657	-2.20877295412766	-0.714737149127657	-0.53183499512766	-0.0447256841276555	0.325929708872344	0.256775084872345
3622500000	-1.88882114897593	-0.036997277975928	-0.439533576975933	-0.815004244975931	-1.95360749697593	-0.507985932975927	-0.702516023975932	-0.054218966975931	0.209826633024072	0.147769695024067
3755000000	-2.47459106721067	0.194590511789329	-0.120776759210671	-0.602851192210672	-1.90284505321068	-0.514384870210677	-0.312406181210676	-0.0375988782106731	0.226082090789326	0.216371223789324
3887500000	-2.94847660264537	0.258280081354634	0.00815254035462942	-0.569250359645366	-1.85446165464537	-0.327524793645367	-0.365514183645367	-0.0107655076453668	0.354090045354631	0.236562338354631
4020000000	-2.97418716890188	0.476505173098118	-0.0486665159018784	-0.588648231901878	-1.74807332390188	-0.162517110901881	-0.34808797290188	0.0142041030981233	0.427709731098119	0.228439454098123
4152500000	-3.3868060637176	0.737363020282395	-0.179081657717603	-0.595864177717601	-1.6995171207176	-0.0674109677176062	-0.416527666717606	-0.4861307627176	0.324760493282398	0.0842081222823978
4285000000	-4.00786152298758	0.918357444012429	-0.170994723987576	-0.751198753987573	-1.77814816898758	-0.070739032987575	-0.371296744987575	-0.0566056229875755	0.479264354012429	0.151539522012428
4417500000	-4.53027950712819	0.988916556871807	-0.0416005171281881	-0.757220493128187	-1.84431670912819	-0.134417853128191	-0.291024793128187	0.0643252708718123	0.276669681871809	0.0397485588718069
4550000000	-4.76510425761483	0.914518870385166	-0.28882746361483	-0.788801605614829	-2.04365463661483	-0.0488434016148318	-0.419571874614832	-0.198942768614835	0.268281172385166	0.0583248953851694
4682500000	-5.82307501276877	0.660300927231233	-0.508459706768768	-0.898450892768771	-2.09817562176877	-0.0257714437687682	-0.528376624768768	-0.38038721176877	0.131920516231233	0.0706515422312322
4815000000	-6.39356531593694	0.392633347063061	-0.37544484793694	-0.92817372693694	-2.12572159093694	-0.0239863519369408	-0.328810107936938	-0.176509902936942	0.234111255063063	-0.029502162936943
4947500000	-6.42846189886058	0.443965815139414	-0.341385350860584	-1.05944458086059	-2.06829708786059	0.0345173581394178	-0.270349734860588	-0.053101478860583	0.207462994139412	0.0325091671394162
5080000000	-6.79295016381366	0.152780871186337	-0.164158125813664	-1.00148963481366	-1.86520885181366	0.191722864186339	-0.239414326813659	0.0821820181863373	0.326112898186338	0.0991582721863367
5212500000	-7.37472506810759	-0.153065757107598	-0.0392752641075944	-0.731436275107598	-1.9067404581076	0.312537363892403	-0.139376575107597	0.161467894892404	0.368941175892402	0.112050681892406
5345000000	-7.40774086031522	0.0179559276847741	-0.209952986315223	-0.866276205315224	-1.95018474431522	0.383622937684777	-0.0791850713152229	0.151665023684778	0.391293232684774	0.224976518684777
5477500000	-8.07152660004427	-0.244232876044265	-0.15650170104427	-0.604224643044269	-1.85211410004427	0.547833039955734	-0.0712491430442697	0.224067810955731	0.287466422955731	0.132678098955736
5610000000	-8.67195620460536	-0.781811471605351	-0.272589283605356	-0.799691501605352	-1.93619154260536	0.625170801394646	-0.0557882266053582	0.185569686394643	0.292825610394644	0.201579279394643
5742500000	-9.27323140893625	-0.698450092936255	-0.23458604493625	-0.68812654993625	-1.79576728393625	0.685965835063747	-0.053518747936252	0.211794093063745	0.403644842063748	0.0530295480637477
5875000000	-9.01559008608846	-0.653426608088459	-0.219626449088459	-0.836002650088453	-2.01595876308846	0.819472332911545	0.0327599469115469	0.167181632911543	0.35177155791154	0.156241347911546
6007500000	-9.9731686289176	-1.0287372419176	-0.235306539917595	-0.766901958917593	-1.90724015091759	0.945072963082403	0.00324849808240657	0.202962596082401	0.373639259082402	0.0878917140824029
6140000000	-10.4705708865891	-1.32755061858911	-0.294685068589111	-0.835561074589108	-2.01431538158911	0.98008141441089	0.0839338214108878	0.167239395410888	0.417501666410885	0.12886324141089
6272500000	-10.6046343284265	-1.11489300142648	-0.279369642426481	-0.88553311842648	-1.89894309842648	1.19198122757352	0.18361189557352	0.301495370573519	0.294043131573517	0.156351408573521
6405000000	-11.1929982799526	-1.31867825895259	-0.358141706952587	-1.01570257895258	-1.99706778695258	1.31038300604741	0.0803571600474129	0.265681404047413	0.294917599047409	0.0807054100474147
6537500000	-11.7095314231597	-1.76694254415968	-0.265448284159675	-0.966451993159673	-1.94973088715967	1.44736736884033	0.285924159840327	0.329412558840325	0.369206563840322	0.0103770028403218
6670000000	-11.4991574930566	-1.44760445905663	-0.205440159056636	-0.900077834056638	-1.94568329405664	1.52101490794336	0.293421956943362	0.255816972943364	0.397330332943362	0.120257354943362
6802500000	-11.5526491146036	-1.67880689260355	-0.362819722603554	-1.07576151260356	-2.12696329760355	1.63359462039644	0.332763369396446	0.334207402396444	0.302868649396444	0.0946785313964469
6935000000	-12.0042555361973	-2.4833808981973	-0.238959178197305	-0.9280923981973	-1.9307386321973	1.7237010628027	0.315493875802694	0.3481517508027	0.368471441802697	0.0839965498026984
7067500000	-11.9373950593773	-2.31418531737734	-0.17007262037734	-0.891614351377335	-2.18309676637734	1.87632833262266	0.456000693622663	0.398746638622661	0.448425768622663	0.0746849416226638
7200000000	-11.7762765923628	-2.00129571336281	-0.30225565236281	-0.93953393136281	-1.95912305336281	1.99225522163719	0.519851468637192	0.35169372163719	0.333731615637191	-0.00741882136281191
7332500000	-12.1426868899299	-2.46784117192992	-0.259507947929919	-1.07872463092992	-2.10139422192992	2.03342589307008	0.481469689070082	0.380757496070082	0.359394113070081	0.102250757070081
7465000000	-12.7021537442551	-2.70995575625506	-0.165419121255063	-1.05808807425506	-2.11849916525506	2.14171557474494	0.664440086744939	0.313708330744937	0.38585582374494	0.0672739107449374
7597500000	-12.0951207417416	-2.26690367074161	-0.264145321741601	-1.02416614474161	-2.18318706574161	2.30010889225839	0.689562965258396	0.346880537258393	0.349239273258398	0.141475589258398
7730000000	-12.4320664998655	-2.95671440286552	-0.522225238865516	-1.01934924786551	-2.19871765586552	2.26962039113448	0.741279750134481	0.427603984134485	0.250898064134482	-0.0274641768655144
7862500000	-12.7771147862201	-3.60826260922013	-0.301669890220133	-1.05166262022014	-2.03285902922013	2.14535589877987	0.71407407577987	0.439624178779866	0.343095822779866	0.032862210779868
7995000000	-13.0191397995761	-3.34648963857609	-0.484754888576084	-1.21598890257609	-2.19245364157609	2.39177144642391	0.833854635423911	0.48402591442391	0.415645012423916	0.0891880404239132
8127500000	-13.0945846120139	-3.5412678040139	-0.4132947860139	-0.958326021013903	-2.2607281560139	2.3957610529861	0.944632918986102	0.474463400986096	0.218389061986102	0.123357653986098
8260000000	-13.8718859443807	-4.15193827938067	-0.392637552380663	-0.923522685380668	-2.22430343838067	2.11775857061934	0.959404953619334	0.435924267619335	0.333466843619334	0.0671689546193335
8392500000	-13.3381222919657	-4.10531397496571	-0.219731517965712	-1.04563158296571	-2.20166468696571	2.22937622603429	1.08530751203429	0.592791684034289	0.47465990003429	0.0998390400342899
8525000000	-13.4638678024847	-4.3779291984847	-0.386947290484699	-1.1305664034847	-2.1971616344847	2.2456711405153	1.0522461835153	0.579172528515301	0.320715421515303	0.0560289375153005
8657500000	-14.2473124551304	-4.93743363113037	-0.561728790130367	-1.05915560613037	-2.13396458913036	1.85277868086963	1.17502520886963	0.559564584869626	0.546052631869635	-0.0946365091303605
8790000000	-14.4372996123732	-5.20670070637316	-0.326042693373161	-0.993724111373162	-2.22650093737316	1.76716865162684	1.29886487862684	0.65493045762684	0.45914422862684	0.129635174626841
8922500000	-14.7580310963557	-5.10440978935569	-0.46760028435569	-1.10902888635569	-1.98828276835569	1.89220311764431	1.25306007264431	0.786433433644312	0.405775891644311	-0.0771794123556901
9055000000	-14.8244061669909	-5.6721675069909	-0.372099579990902	-1.0679076599909	-2.2004540149909	1.5237457890091	1.34104189000909	0.7231986630091	0.485549423009097	-0.0405073679909052
9187500000	-14.7864821149203	-6.00952821092029	-0.364630375920299	-1.0490343149203	-2.1806250489203	1.2960563790797	1.34407658907971	0.7297646380797	0.342059587079703	-0.0226992019202967
9320000000	-15.4251144774276	-6.39107358942757	-0.392921189427575	-1.00373291442757	-2.24679468442757	1.45883835757243	1.37420331457243	0.794959591572429	0.535081627572424	0.137928026572425
9452500000	-15.4289955719079	-6.33372790990785	-0.455766370907853	-1.06822090790785	-2.11076485590785	1.24205377609215	1.49692655109215	0.762608668092149	0.449455112092146	-0.0647453179078497
9585000000	-15.9820522641943	-7.00033445719426	-0.445933345194263	-1.01189440919426	-2.29465589219426	0.865806216805737	1.50627892580574	0.764465400805733	0.451640464805735	-0.0178821271942624
9717500000	-16.2845290608542	-6.9635299368542	-0.383096566854199	-1.15605143685421	-2.3750401128542	0.945868091145798	1.5430405841458	0.9014333381458	0.480983522145799	0.034329210145799
9850000000	-16.328900650637	-7.433370938637	-0.297066924637001	-1.129792435637	-2.261627044637	0.657879316363001	1.579073625363	0.932280256363001	0.482428810362997	-0.0267189546370048
9982500000	-16.6702280620404	-7.63995922204037	-0.557986641040365	-1.24818908004037	-2.24319442804037	0.403886752959636	1.64160228595964	0.937873218959631	0.59320610195963	-0.0377186880403642
10115000000	-16.2481651398201	-7.8196256928201	-0.329868000820099	-1.1339772188201	-2.2675388888201	0.2028993761799	1.6970054431799	0.899209734179905	0.461816229179902	-0.147254138820095
10247500000	-16.6112016147309	-8.20633572973093	-0.606645030730931	-1.20930036873094	-2.49028924573093	0.136728142269064	1.67483845526907	0.922410571269069	0.460215787269064	-0.00713690573093118
10380000000	-17.5293268479242	-8.74566237192415	-0.418636616924161	-1.16157452092416	-2.33445155192416	-0.397959150924159	1.63053360507584	0.923380903075845	0.433889355075841	-0.0273928819241576
10512500000	-17.4449306306771	-8.8317743206771	-0.4801594506771	-1.1672181716771	-2.5308197416771	-0.417227525677099	1.6531661143229	0.924491339322898	0.452575902322899	0.0239388303228978
10645000000	-18.3114067427521	-8.98429735375206	-0.687629708752063	-1.16620074175206	-2.28927215475206	-0.664306966752065	1.61609245924794	0.920988227247939	0.592953557247938	0.0536460692479395
10777500000	-18.7299970713393	-9.69752067633931	-0.439799854339306	-1.25255413633931	-2.25997676833931	-1.09517279833931	1.5736412006607	1.09995969366069	0.530238051660696	-0.010180523339308
10910000000	-18.8585754994669	-9.81659590946687	-0.397610246466868	-1.35773868746687	-2.39939404446687	-1.34553497346687	1.48965301553313	0.914086201533131	0.455601474533132	0.0769314255331324
11042500000	-18.370368763882	-10.172063664882	-0.39942461488198	-1.29207523288198	-2.37985391188198	-1.49825400688198	1.47224363911802	0.990953742118023	0.561143600118022	0.029845205118022
11175000000	-19.3847267744036	-10.7247110154036	-0.457837503403617	-1.16310630940362	-2.44202088540361	-1.80148243340361	1.35064804159639	1.04019667859638	0.553376017596385	0.00932444359638396
11307500000	-19.1998648167014	-10.8503739967014	-0.411738782701391	-1.24632664270139	-2.39156560070139	-2.12173069370139	1.34873385529861	1.09223754729861	0.697432734298609	0.202023078298609
11440000000	-20.0363213444055	-11.1318073384055	-0.527477492405495	-1.3069313044055	-2.5817038424055	-2.41891051540549	1.25835042059451	0.978280482594506	0.558239479594505	-0.139393157405493
11572500000	-20.0599358666523	-11.4830465866523	-0.421842913652263	-1.14287276965226	-2.48371981065226	-2.67182213065227	1.20697358734773	1.16806335034774	0.648858481347737	-0.00371081565226206
11705000000	-21.647766370632	-11.782032758632	-0.546557128632045	-1.20519882263204	-2.50728067263204	-2.90571100363204	1.08246023236796	1.03607709836795	0.656521689367956	-0.11179050463204
11837500000	-19.8502004427224	-12.0507633917224	-0.555077676722355	-1.31841009672236	-2.58231365572236	-3.56030065872235	0.995919516277645	1.03245358927764	0.616036807277645	-0.0331456777223593
11970000000	-21.155147827942	-12.175001274942	-0.466830263942001	-1.252189791942	-2.462554715942	-3.528284338942	0.817672176058004	1.062886374058	0.566284679058001	-0.0769822869419983
12102500000	-19.9925740876479	-12.6777661106479	-0.509990017647944	-1.27759501164795	-2.63146445964794	-3.79325120364795	0.743294542352054	1.00912695435206	0.568957301352057	0.0216821403520555
12235000000	-21.6050000511444	-12.5989378421444	-0.597909483144392	-1.33643766314439	-2.55124104914439	-4.08966501614439	0.524243731855613	1.13068481385561	0.593079943855606	-0.134623923144389
12367500000	-20.5978411082448	-12.9699417952448	-0.555956620244821	-1.36222503724482	-2.44213776324482	-4.23196016024482	0.470385301755179	1.06699838175518	0.523611813755181	-0.0916642652448161
12500000000	-21.4880241899596	-13.3123707739596	-0.596355406959582	-1.50049361895958	-2.82127283195958	-4.79121076695958	0.355865074040416	0.980651884040419	0.576210431040415	0.0102998050404182
12632500000	-20.9846280840716	-13.2310379700716	-0.678960781071638	-1.39362868207164	-2.59676903607163	-4.95763405607163	0.103032801928364	0.887361472928362	0.586676956928365	-0.0772774190716348
12765000000	-20.5142343609299	-13.6178447999299	-0.725157601929872	-1.54954684992988	-2.63678759492987	-5.12358842492987	-0.08709181092987	0.875640758070126	0.61550101707013	-0.0134998599298726
12897500000	-21.692461200783	-14.1742128257831	-0.724815314783051	-1.57473937678305	-2.95316694878305	-5.56975188578305	-0.316700490783049	0.952302501216948	0.504578627216951	-0.10884702778305
13030000000	-22.5733156475485	-14.2865709175485	-0.587830679548453	-1.67814759554845	-2.64902664854845	-5.75683375654845	-0.559528860548454	0.70212261745155	0.398750869451547	-0.265470622548449
13162500000	-23.1760996831793	-14.2716052751793	-0.701101281179319	-1.58175366517932	-2.80159985217932	-6.23195623117932	-0.703938896179324	0.730104698820682	0.34371164882068	-0.138384235179323
13295000000	-22.2270980556384	-14.3809757316384	-0.741310979638392	-1.49899697663839	-2.75473218663839	-6.46696090563839	-0.860394355638391	0.636087213361613	0.46991126336161	-0.0944107216383898
13427500000	-20.3782791885256	-15.5951645425257	-0.680346952525653	-1.66607236352565	-2.69798070052565	-6.68634384652565	-1.07798488052565	0.579978544474351	0.475128342474349	-0.15800215152565
13560000000	-23.3955433030669	-14.9575710660669	-0.921050004066863	-1.77861459406686	-2.90802515506686	-7.26297540406686	-1.27509582306686	0.507266770933136	0.44287527193314	0.0381380259331365
13692500000	-24.1302159277744	-15.8535526147744	-0.750504436774385	-1.50307523377438	-2.82770207277439	-7.19638276677438	-1.50699894077439	0.525907671225617	0.363501891225617	-0.127041943774387
13825000000	-22.7885255751941	-16.1064282101941	-0.844787336194088	-1.49929090419409	-2.75471655919409	-7.41412890219409	-1.81704705619409	0.392990617805907	0.492053705805908	-0.190550652194091
13957500000	-25.0734814082894	-15.9845932012894	-0.842743647289403	-1.4706368242894	-2.8867125032894	-8.0515291442894	-1.9764283472894	0.333519374710598	0.2624286557106	-0.338550848289401
14090000000	-24.5773707584311	-16.3841971574311	-0.823354440431068	-1.47273616743107	-3.04907948843107	-8.03281997543107	-2.26045333443107	0.112491406568928	0.356605733568934	-0.191464915431069
14222500000	-24.0643596441147	-17.2691096231147	-0.81342157311466	-1.73957266811466	-2.72726242311466	-8.51767079611466	-2.48268872211466	0.104236012885337	0.424816463885335	-0.269505513114659
14355000000	-26.9493773232175	-17.4472252592175	-0.943070271217543	-1.77871326221754	-2.96310132021754	-8.67100453421754	-2.69127717121754	0.112382485782454	0.283450029782458	-0.169555592217542
14487500000	-26.3002017144776	-17.2438004214776	-0.670471546477607	-1.63261799047761	-2.75543231247761	-9.01949533547761	-3.00820039547761	0.00610348652239168	0.117423432522394	-0.374421138477608
14620000000	-26.0643811212254	-16.6043270212254	-0.891141151225391	-1.52645555622539	-2.98472691222539	-9.78173166722539	-3.17537181322539	-0.18313730622539	0.041267232774608	-0.476547694225388
14752500000	-26.2214702054103	-17.9817454464104	-0.967338356410366	-1.89962905741037	-3.25520728441036	-9.61481363641036	-3.49607753541036	-0.170147790410361	0.189783165589638	-0.441783198410363
14885000000	-27.1806597173183	-17.0695898723183	-1.12419248231831	-1.87750771331831	-3.08864210031831	-9.41921151231831	-3.53387793031831	-0.376639184318307	0.259084018681691	-0.423777619318308
15017500000	-25.7997790796889	-17.4265253086889	-0.841235182688912	-2.02468469968891	-3.15601282268891	-9.75876284368891	-3.79498907968891	-0.59976712868891	-0.0938222726889109	-0.280369704688908
15150000000	-25.0956730418024	-18.5040228118024	-1.11442618380242	-1.84354899280243	-3.15074674580242	-9.87275904180242	-4.05497695980242	-0.662175786802429	-0.176310963802429	-0.422761308802428
15282500000	-25.2089768857741	-18.2770274977741	-1.26256208177415	-1.98412614477414	-3.23991612777414	-10.1349612197741	-4.13447782277414	-0.818352570774145	-0.239669835774144	-0.453904737774145
15415000000	-24.2584561370824	-16.6272575390824	-1.28408946808239	-1.93135530808239	-3.09547248708239	-11.2471461600824	-4.41849188408239	-0.94858033708239	-0.19427137208239	-0.58477391408239
15547500000	-27.1057360091027	-19.8676698681027	-1.29810939810274	-1.87774661510274	-3.42687624910274	-10.8706037851027	-4.79203244010274	-0.923580903102739	-0.266876290102736	-0.547912555102741
15680000000	-27.7381534553604	-18.0032593493604	-1.43511885836038	-2.05384621336038	-3.31128915236038	-11.2689606483604	-4.78847398436038	-1.48653551136038	-0.541417934360382	-0.708227059360382
15812500000	-23.5779072974001	-17.9446653764001	-1.14540533940013	-1.98525026840013	-3.64861076040012	-11.7990741184001	-5.23869626640013	-1.41454134940012	-0.440200096400126	-0.886642529400127
15945000000	-27.083570805664	-18.6542668786641	-1.36239064366405	-2.31245113466405	-3.46223732766405	-11.6526965836641	-5.46943460366405	-1.65479770366405	-0.484223604664052	-1.01308057566405
16077500000	-30.2151714911758	-18.2097968361758	-1.31183362717582	-2.36657985017581	-3.59507694917581	-11.5875612941758	-5.91520389217581	-1.57423198717581	-0.72665821717581	-0.817335992175813
16210000000	-27.4861564962288	-19.4491239532287	-1.30808616922874	-2.21965670422875	-3.81945283822875	-12.3036600922287	-6.15353570422874	-2.00701346522875	-0.808723646228749	-0.874230302228746
16342500000	-25.9661883791653	-19.4318339341653	-1.50473968016531	-2.39216177816531	-3.42611864016531	-12.1723658321653	-5.98448401516531	-2.11755034116531	-1.08270718916531	-0.808979802165311
16475000000	-30.1302077836474	-23.1019351566475	-1.41768163864744	-2.48966237064744	-3.65871989864745	-12.8960626826474	-6.89115025564745	-2.31338927364745	-1.07061393764745	-1.01974497164745
16607500000	-25.7990404289451	-18.7914944339451	-1.33335628294508	-2.37641488294508	-3.90133930194508	-13.1324608809451	-6.63202765094508	-2.23527456094508	-0.710007926945075	-0.727300072945077
16740000000	-32.8410529251747	-24.8558757411747	-1.37424694017469	-2.2691752771747	-3.7633339751747	-12.4410167231747	-6.96829458817469	-2.4128742521747	-1.00309001117469	-1.08784694017469
16872500000	-26.1408258312269	-20.8562794232269	-1.49091903322686	-2.42482923322686	-3.74912289522686	-13.7423730722269	-7.13430723622686	-2.69934341422686	-1.11313194822686	-1.19004782422686
17005000000	-29.251918034186	-21.757986059186	-1.465347025186	-2.377753699186	-3.933454651186	-13.388650917186	-7.085945003186	-2.670532908186	-1.090047732186	-1.114203654186
17137500000	-28.7557424720872	-20.0168517040872	-1.44729216208724	-2.25496304908724	-3.76539149508724	-13.7281924520872	-7.26126250508724	-2.98883759808724	-1.33692826108724	-1.07946205408724
17270000000	-34.7635319033064	-22.9359611403064	-1.63041324730636	-2.53157331930637	-3.59376377830637	-13.1822769133064	-7.79280210530636	-3.11716862830637	-1.31209007130636	-1.17024784630637
17402500000	-31.010758862406	-20.162762531406	-1.64665250240605	-2.46869280640605	-3.72832680540605	-14.1826001424061	-7.89447236540605	-3.38063912540605	-1.32899463540605	-1.06066585640605
17535000000	-30.1202371148409	-22.1232362278409	-1.89307878584091	-2.2803241798409	-3.7679177548409	-14.6591725968409	-8.2049752468409	-3.32582795384091	-1.3684448448409	-1.60237128884091
17667500000	-27.0358210260391	-19.5674954980391	-1.47815994303907	-2.66478263503907	-3.71405956103907	-13.8150458890391	-8.18427244803907	-3.56521714003907	-1.43472108103907	-1.21294240103907
17800000000	-25.458943470809	-20.725714893809	-1.89362915180904	-2.48196725080905	-3.98924226080904	-14.1378894238091	-8.34993675480904	-3.47582722280904	-1.54754370580905	-1.65359090780905
17932500000	-30.6536919061451	-20.3961012321451	-2.15661828114512	-2.73712746814513	-4.27627100914512	-13.9850988771451	-8.17599803714512	-4.29569214014512	-1.74969746014512	-1.49230967714512
18065000000	-28.7313410065743	-20.2312630155743	-1.97173146857428	-2.62177430557428	-4.03074393957429	-14.1430609145743	-9.07638210157428	-3.92728254457428	-2.06020833757429	-1.48996892457428
18197500000	-34.4527491099586	-22.6231547629586	-1.93897948395858	-3.04183374495859	-4.10536983195858	-14.9883856589586	-9.08894184995859	-3.97904645595859	-2.43691350195859	-1.68532808295858
18330000000	-27.515841017469	-21.910958967469	-1.88128748046904	-3.19622168046904	-4.50034032546904	-15.907323176469	-9.17167412446904	-4.62296940646904	-2.15307594346904	-2.05736029646904
18462500000	-22.5057853682077	-22.2793029592077	-2.05434986620771	-3.00482484520771	-4.64908124420771	-13.7661073252077	-8.97436889420771	-4.59137047420771	-2.68677307620771	-1.94374894020771
18595000000	-27.2429605389586	-22.3502613079586	-2.1717790129586	-3.34846828095859	-4.4529411559586	-14.9416262669586	-10.2246948489586	-4.65787481595859	-2.5683019719586	-1.96805377995859
18727500000	-31.111838939628	-21.918520659628	-2.677268764628	-3.437406262628	-4.657103660628	-15.254929669628	-10.081642796628	-4.979851405628	-2.651898267628	-2.569664701628
18860000000	-24.690555298398	-21.405327677398	-2.41904194839798	-3.29420493639798	-4.97140440139798	-16.847634677398	-10.030998223398	-5.87901302639798	-3.16932254439798	-2.07916953439798
18992500000	-36.9149059031629	-24.0256846261629	-2.62860489016287	-2.92493829716287	-4.67026156916287	-16.3625762471629	-10.2721186871629	-5.47449903616287	-3.04176950216287	-2.37505325716287
19125000000	-30.4708003177461	-25.3698145207461	-2.71883953374611	-3.38696278474611	-4.68150340774611	-17.2909936007461	-10.6300749227461	-5.56778834974611	-3.18089044274611	-2.46520388774611
19257500000	-36.3461868610534	-24.0082654270534	-2.69001742305338	-3.23187654605338	-4.87288754005338	-16.0133084350534	-11.1252263540534	-5.90749562005337	-3.38916179005338	-2.15851226505337
19390000000	-28.8568722562313	-25.3976279712313	-2.66168687023126	-3.52417628123126	-5.03253935823127	-18.1261397912313	-10.6838301162313	-6.20514748723127	-3.27729088023126	-2.57679872623127
19522500000	-32.8062846556917	-28.3100179186917	-2.76532651769173	-3.67833356269173	-4.64944794769173	-17.6866172016917	-11.2898600066917	-6.21521357569173	-3.40764331969174	-2.96536112869173
19655000000	-34.1273363013797	-26.9724846503797	-3.18714669937975	-3.73747936737974	-4.61181375937974	-17.9199433093797	-10.8447718543797	-6.43218470537974	-3.71580889537974	-3.00354396937974
19787500000	-38.8905687720041	-22.3819096410041	-2.77960275500407	-3.90553664200407	-4.96266796400407	-18.2972604210041	-12.1019021510041	-6.89884054500407	-3.72058999600407	-3.13916357300407
19920000000	-29.4899425401352	-22.8273808441352	-2.82169204613516	-3.67083334813516	-5.15781229113516	-17.1468461181352	-11.7288548331352	-5.78870164713516	-3.63848256113516	-3.00813359713516
20052500000	-29.2186675517305	-23.7983880337305	-3.15606474973053	-3.73750996873054	-4.78860548473053	-17.5748918997305	-12.7401921197305	-6.84579901173053	-3.53271508873053	-3.08752239373054
20185000000	-28.1222824028152	-30.2310821838152	-2.79886813281524	-3.54613398281525	-4.98825901081525	-17.7195092088152	-12.6568108358152	-6.59997149681524	-4.25170595381525	-2.53034754281525
20317500000	-39.2326916675378	-24.6338550705378	-3.12949731053784	-3.24184209953783	-5.20749265853784	-18.7938400855378	-12.2579572915378	-6.71688473153784	-4.16305079853784	-3.50907899953783
20450000000	-28.175959774616	-24.661896458616	-3.17244025161605	-3.69029672761604	-5.21413089561604	-14.898686854616	-13.620940353616	-6.99499948961604	-4.31743480261604	-2.88300127661604
20582500000	-27.7510637320094	-38.7890380110094	-3.36447905500942	-3.97453625900942	-5.46232400100942	-18.8670934700094	-11.6319247650094	-7.67486009900942	-4.35172275300942	-3.31357004800942
20715000000	-26.3889177450324	-21.7275558140324	-3.34915407203237	-4.76967333703237	-5.36621108803237	-16.2784314380324	-12.7082743930324	-7.49725026603237	-4.65670811803237	-3.77924604203238
20847500000	-40.8535359005679	-21.3704019725679	-3.97357717056785	-3.66441054156785	-5.79209406056785	-18.4699991095679	-12.4022208415678	-7.79821818156785	-4.43088141756785	-3.77341656956785
20980000000	-26.6624904027814	-20.2654494677814	-3.93389098778142	-4.22788277578142	-5.89847345578142	-18.0042521247814	-12.4925833407814	-8.28919009578142	-5.11406897478143	-3.90652238078142
21112500000	-41.4998473597267	-26.0866740757267	-4.03688803472668	-4.46945690272668	-5.80520686972667	-20.4029763667267	-11.6236928917267	-7.91688953072668	-5.05227049172668	-3.87106812672668
21245000000	-26.2360353018317	-25.7542484048317	-4.19103115183174	-4.23013960583174	-6.47044377083174	-17.6946094628317	-13.5178011858317	-7.60948059383174	-5.43283352183174	-4.33479958583174
21377500000	-28.5859403666365	-28.5880677746365	-4.39005962363654	-4.42771776963654	-6.62839817763654	-17.5458964746365	-13.1950803436365	-10.2303121986365	-4.83304901563654	-4.46526213363654
21510000000	-29.1857255097409	-23.4539336567409	-4.31227180874086	-4.91558736474086	-6.44141022174086	-20.9551536897408	-13.8159591337409	-9.04832382974086	-5.55595558374086	-4.34901972674086
21642500000	-31.4920395357115	-27.0283380317115	-3.9271401107115	-5.31953809771149	-5.8935578237115	-16.6203818697115	-13.7116392627115	-9.0649755417115	-5.69954782871149	-4.5825550317115
21775000000	-27.5672849074226	-26.4462338754226	-4.64413620542258	-5.24001395642257	-6.03474677442257	-20.8707467044226	-14.0936516924226	-9.19556450742257	-5.92951228642258	-4.66361684542257
21907500000	-42.8947838112476	-27.1839139862476	-4.59122036824759	-4.66488373924759	-6.09890106224758	-18.0164998622476	-15.6853150042476	-9.02565126824759	-5.75600912824759	-4.63913351524759
22040000000	-30.2053571147319	-22.3461013027319	-5.05477496173194	-5.59602421673194	-6.11494433673194	-21.1053767587319	-14.5507245287319	-10.0876631647319	-6.22829813373194	-5.15578685773194
22172500000	-27.6118918601075	-24.8107062871075	-4.69500689810752	-5.73293226210752	-6.46665709110752	-22.2827053671075	-16.8514927441075	-9.76110097510752	-6.95269608810752	-5.22100207810752
22305000000	-28.5245409539649	-37.7213853239649	-4.63527617196489	-5.18263740496489	-6.98581734596489	-21.6392721649649	-14.8863306419649	-9.87973359696489	-6.31162474996489	-5.48725940796488
22437500000	-33.9514156654014	-32.4222933814014	-5.00462804540139	-5.19574584140139	-6.15631034540139	-21.0871609234014	-15.3156159034014	-11.6286107044014	-6.89651831040139	-5.14330012040139
22570000000	-29.4556821031505	-25.2460094061505	-4.80120847615046	-5.28253522215046	-6.49589250715047	-20.9553690211505	-14.9072216081505	-9.88622589415046	-6.05817912815046	-5.15710078115046
22702500000	-42.249580469868	-27.720727867868	-4.68612191686801	-5.31712081186801	-6.86040673086801	-21.235717754868	-14.280847219868	-10.429340458868	-6.61718580686801	-5.11665974986801
22835000000	-39.1340226093263	-23.9048661713263	-4.99560204432629	-6.02253447632629	-7.10877167232628	-21.2426717343263	-14.6727314203263	-10.1396739123263	-6.50984419132629	-5.37596018432629
22967500000	-26.1725470046457	-26.0256524176457	-5.9917072596457	-5.5439813116457	-6.9802572786457	-19.6747119546457	-14.4038331486457	-11.0525619516457	-7.4141776796457	-5.2980219106457
23100000000	-37.3798026773802	-23.9677133143802	-4.87545915538016	-5.65946030538016	-6.82131890738016	-19.1962567473802	-15.9064209093802	-10.5711477463802	-6.95776517338016	-5.52216902338016
23232500000	-27.0168727102537	-24.8104380512537	-5.00814527225374	-5.21107382225373	-7.30320681025373	-22.2598108792537	-15.9666388362537	-10.2274016022537	-8.02354725325373	-5.92409477525374
23365000000	-24.5097262149002	-26.4134297059002	-5.57326048190023	-6.03300566590023	-7.24758075090023	-20.5792203119002	-15.4035786879002	-11.0882505079002	-7.55195871390023	-6.14670004690023
23497500000	-32.3208635135406	-26.4071067075406	-5.71977238254058	-5.96299998154058	-7.42362134054057	-19.4775877605406	-15.5875573485406	-11.2368879245406	-7.68130489554057	-6.04271551154057
23630000000	-26.2445939043208	-29.2705354693208	-5.17044740532077	-5.66117250132077	-7.63966483432078	-19.0196725393208	-15.3385053443208	-11.2749577673208	-7.48816484432077	-5.75673228532077
23762500000	-30.5228663207189	-24.2335361657189	-5.33470608371891	-6.2091605207189	-7.35018031671891	-18.9496307767189	-16.9244624857189	-11.4530298147189	-8.1216846757189	-5.7168686787189
23895000000	-31.6263719058114	-27.5598710998114	-6.05683552181139	-6.50735927081139	-7.66862401081139	-20.0046588148114	-14.8814518138114	-11.7250071068114	-7.8897337608114	-6.39483436381139
24027500000	-26.2229225699134	-30.2091682059135	-6.34818680991345	-6.09500872591345	-7.68379574091345	-22.9993891079135	-16.3232114539135	-10.8518534179134	-8.16940100391345	-6.92989593191345
24160000000	-31.2356544867782	-30.2896967387782	-6.04154871477817	-6.50598442277817	-7.48344952377817	-19.9561960537782	-16.2533616667782	-11.5814196147782	-8.19165348377817	-6.56627108777817
24292500000	-50.1267200834306	-28.5311693994306	-6.24368248543058	-6.49951086543058	-8.68527087443058	-21.4388045754306	-17.1443096254306	-12.6264930834306	-8.92472136643058	-6.92514903643058
24425000000	-33.4358975471871	-29.1872816301871	-5.94263931718712	-6.80024004418711	-8.00512737418711	-26.3312152091871	-17.6314664211871	-13.4341615311871	-8.48491376518711	-6.99003362318711
24557500000	-32.1827508967976	-30.6118180667976	-6.85872640979757	-6.72585575479756	-8.61507210979757	-22.6842779147976	-18.0901613227976	-13.0042492387976	-9.36865064979757	-7.70616153579757
24690000000	-36.2916598291928	-26.3351554281928	-6.7988880431928	-7.1916031251928	-8.80203060019279	-24.1351285681928	-18.8830008271928	-12.6618927221928	-8.8300470381928	-7.2550553741928
24822500000	-36.8057046330348	-29.4531779450348	-6.52694831703482	-6.66962002303482	-7.73379551303482	-24.9643686140348	-17.2249299240348	-13.3352890050348	-9.20434341803482	-7.45446339403482
24955000000	-31.9363545191355	-27.6351039181355	-6.64101725713552	-6.65681133813553	-8.43065999113553	-21.3301932501355	-17.6063337171355	-12.8384313291355	-9.92923220713553	-7.17663967313553
25087500000	-42.1020850288866	-27.9801100718866	-6.73489579088656	-7.04482544388656	-8.48592021388656	-24.4041451248866	-20.1887691918866	-12.6614880278866	-8.71632677088656	-7.43739529988656
25220000000	-32.8031009460931	-27.1907895230931	-6.89282913509309	-7.34389707209309	-8.27642265509309	-28.0136415200931	-18.6696732120931	-11.6989636840931	-9.84260085409309	-7.47128450609308
25352500000	-45.700976353558	-31.484006369558	-6.87890734555799	-6.69058808455799	-7.72042504455799	-20.822320662558	-17.397919608558	-13.307362340558	-9.06452424755799	-7.58542386155799
25485000000	-31.7652622143981	-33.8269668683981	-7.26635958739808	-7.92405935639808	-8.70263221739808	-23.1467088893981	-16.3352649233981	-12.8363776543981	-9.97758025839808	-8.17775932839808
25617500000	-30.2125817428928	-35.3167966368928	-7.15380071489282	-7.41728471989282	-8.03652380889282	-22.1967859098928	-18.8674223398928	-13.2225143318928	-10.0831782148928	-8.18572667689282
25750000000	-39.0589545318205	-27.3263248428205	-7.02554194982054	-7.63412717982054	-8.70992104382054	-25.2959901728205	-18.1382089618205	-13.9384404268205	-10.1078259898205	-8.84974129682054
25882500000	-29.6749873024508	-30.8451140274508	-7.41755807545081	-7.2021514104508	-8.8764604454508	-23.5955562974508	-18.2802393424508	-13.0959890394508	-10.5454715254508	-8.02637847345081
26015000000	-41.1296533871353	-29.9484032951353	-7.4828432901353	-7.6066587921353	-8.99198547513529	-24.4365372951353	-19.8289365831353	-13.3098322101353	-9.8997611701353	-8.7968062541353
26147500000	-32.6788867956133	-29.6140857816133	-7.51403122961333	-7.66384165661333	-9.20122362261333	-22.4729701336133	-17.5061305456133	-14.1514403656133	-10.5892926906133	-8.65504606561333
26280000000	-28.2434179560515	-29.8009097470515	-7.38452724105149	-7.96154045005149	-9.63397269005149	-22.3621365860515	-17.8148712060515	-13.0007675100515	-10.7030789710515	-8.17759061705149
26412500000	-34.2549212227309	-26.8927472527309	-8.14526220573091	-8.91279375773091	-9.30180398873091	-26.3634421027309	-17.8358239507309	-12.9552899037309	-10.5686216937309	-8.44809737573091
26545000000	-29.6315301942614	-24.3843964392614	-8.63609149126143	-8.00833577626143	-10.0339258792614	-20.4704184342614	-18.4162465322614	-15.0648188182614	-10.4833421682614	-8.81130317126143
