Current	NuR	Gamma	Fp	C
1.4	5249435105.06308	34704610259.1767	18865320801.3145	1.16432766749588
1.8	7337952273.90301	38630740789.7089	13597360720.8977	1.75180705433117
10.4	21523813776.9843	128262090705.899	15216064121.6378	2.53025206097416
12.9	22269012099.3744	147666257506.003	17190537714.4067	2.13968420923427
15.6	22177932535.8804	149263530512.947	16147453092.4954	1.70663173352661
2.5	9581994405.77325	37485152119.1097	15765501123.8613	1.97245564581192
3.5	12677321307.3573	52330796385.6795	13034677359.5107	2.38342504039428
4.8	15379265219.0041	72623732491.1268	13935810476.9599	2.59332647464044
6.4	17829188952.6218	92268741592.9648	14568088470.1522	2.65765618741129
8.3	19859788197.7655	109287314877.738	14654550230.0985	2.66212570677866
