Frequency	M6082_10_15_2_2_20C_1_4mA__17_5dBm_S2P	M6082_10_15_2_2_20C_1_8mA__17_5dBm_S2P	M6082_10_15_2_2_20C_10_4mA__17_5dBm_S2P	M6082_10_15_2_2_20C_12_9mA__17_5dBm_S2P	M6082_10_15_2_2_20C_15_6mA__17_5dBm_S2P	M6082_10_15_2_2_20C_2_5mA__17_5dBm_S2P	M6082_10_15_2_2_20C_3_5mA__17_5dBm_S2P	M6082_10_15_2_2_20C_4_8mA__17_5dBm_S2P	M6082_10_15_2_2_20C_6_4mA__17_5dBm_S2P	M6082_10_15_2_2_20C_8_3mA__17_5dBm_S2P
45000000	-6.111812897	-3.188251312	-0.538319797	0.362340617999998	-3.025930299	-0.760108043000002	-1.13398078	0.453088285	-0.625296569	2.053320301
177500000	-6.090688204	-2.809883353	-0.180190952000004	-1.180267287	-2.491851502	-1.688245572	-0.636446534000001	0.443277797999997	0.0559682219999971	-0.0740180720000012
310000000	-4.094206494	-2.977584823	-0.388604325000003	-0.780897758000002	-2.121907527	-1.394949335	-0.810947439000003	-0.300747331000004	-0.106012133	-0.0503618019999976
442500000	-5.262736279	-2.242067896	0.530807043999999	0.158598603000002	-0.944618689999999	-0.646463986999997	0.142906404999998	0.693717491999998	0.923019992	0.830017785999999
575000000	-5.773561467	-2.727484293	-0.138684228000002	-0.541662181	-1.271250601	-1.272372324	-0.506189478000003	0.404803928	0.366176473000003	0.276412653999998
707500000	-5.81749521734211	-2.84210471434211	0.0245331056578877	-0.686177886342115	-1.73231290634211	-1.34795667734211	-0.393011852342113	0.203136217657885	0.188515661657888	0.0909449786578875
840000000	-5.93892264351179	-2.68305965251179	-0.30311819651179	-0.686457652511791	-1.78241020051179	-1.44830493851179	-0.306041922511788	0.170101717488208	0.113157228488213	0.225742886488213
972500000	-6.09372133247993	-2.92457518547993	-0.219803015479926	-0.759721440479929	-1.60968700747993	-1.52510660447993	-0.369479905479928	-0.0364400504799249	0.0639102385200729	0.103461321520072
1105000000	-6.20633205073995	-2.68221719373994	-0.414974197739944	-0.693871309739947	-1.94273673373995	-1.60776326573995	-0.467745943739949	-0.00227375373994931	-0.0541978127399503	0.0786310602600508
1237500000	-6.24975295339221	-2.86477220339221	-0.346220782392209	-0.734658436392209	-1.76170955739221	-1.63337498039221	-0.516279532392211	-0.0755816273922107	-0.0533667583922082	-0.0762977623922083
1370000000	-6.34094182592222	-2.98396881992222	-0.396183579922223	-0.941062454922218	-1.76225982892222	-1.76477836392222	-0.469098508922222	-0.12093603792222	-0.0946857509222241	-0.00738547192221972
1502500000	-6.12076187247869	-2.75102035047869	-0.35097734747869	-0.814110224478689	-1.91984146547869	-1.80430703847869	-0.490939193478688	-0.26752111247869	-0.0620721774786901	-0.0966347804786878
1635000000	-6.49017391736407	-2.83397824936407	-0.396214123364068	-0.937216081364063	-1.97051535736406	-1.79164287136407	-0.55133423036407	-0.219446845364068	-0.134135524364069	-0.0620790023640652
1767500000	-6.78835585038213	-2.80710387338213	-0.337563409382128	-0.930125178382127	-2.12856727338213	-1.72339497138213	-0.522452401382132	-0.175960577382128	-0.0990185553821306	-0.122066510382133
1900000000	-5.70601936526874	-2.12937192026874	-0.422044122268737	-0.663894853268737	-1.71797440926874	-1.71633056526874	-0.525019435268739	-0.127932272268737	-0.110687846268739	-0.149353595268742
2032500000	-5.71885731566424	-2.06656918266424	-0.404160636664237	-1.02145867566423	-2.05175593266424	-1.93661651366423	-0.569461671664236	-0.373323848664235	-0.139477317664237	-0.169349767664237
2165000000	-5.52800143731431	-1.89718569331431	-0.570099807314307	-0.967385775314305	-1.87724029531431	-1.96860064631431	-0.775746231314308	-0.216311532314307	-0.148802727314305	-0.323650041314309
2297500000	-4.57027867616959	-1.70800022916958	-0.580561023169587	-0.808972503169585	-2.19983915116958	-2.04969455716958	-0.722633414169586	-0.323738706169586	-0.245327282169583	-0.224890893169587
2430000000	-4.17273424329277	-1.55295446029277	-0.493037639292766	-1.10777957329277	-2.07608258929277	-2.22867080729277	-0.741084179292763	-0.419210804292767	-0.168177761292768	-0.315877557292765
2562500000	-4.32155492558503	-1.52159976658503	-0.423173634585034	-1.08796866258503	-2.12814932858503	-2.25994804958503	-0.841249807585037	-0.391097522585035	-0.255545323585032	-0.175166705585035
2695000000	-3.58290493209345	-1.38416326509345	-0.693070415093445	-1.14975393909344	-2.45079475609344	-2.07574567009345	-0.938253811093446	-0.390642597093446	-0.243820734093447	-0.296396924093443
2827500000	-3.39607133336909	-1.6361213943691	-0.5377489073691	-1.08307752236909	-1.8503144673691	-2.0726267003691	-0.679903530369096	-0.494859094369097	-0.486815246369098	-0.415436034369094
2960000000	-3.74482594472304	-1.33096521372304	-0.424197479723034	-1.18839841672304	-2.10260331772304	-2.14363734272304	-0.666783985723036	-0.477040060723034	-0.269182779723039	-0.38564975272304
3092500000	-4.05928844984509	-1.34608851284509	-0.571154609845095	-1.0239928268451	-2.4093570218451	-2.18125785884509	-0.792728665845097	-0.497240734845093	-0.370590437845095	-0.337917065845097
3225000000	-3.90582453259528	-1.17109330059528	-0.572333691595283	-1.33058105859528	-1.99117594659528	-2.14124765159528	-0.960290456595281	-0.537846489595282	-0.49233054159528	-0.418058269595278
3357500000	-4.17403625853571	-1.41705049753571	-0.615372903535715	-1.16753768753571	-2.13042043353571	-2.03874359853571	-0.610754039535713	-0.686674329535713	-0.350170539535711	-0.56843296453571
3490000000	-4.53028581712766	-1.26120715012766	-0.621097009127659	-1.13282150012766	-1.92220607812766	-1.87365991212766	-0.735267925127658	-0.688091870127657	-0.350615670127659	-0.332408644127661
3622500000	-4.38875611697593	-0.95969461297593	-0.646377866975932	-1.20135091497593	-1.95590278597593	-1.66408570297593	-0.794998517975934	-0.591629052975932	-0.380152159975935	-0.521199081975929
3755000000	-5.11662323721067	-1.04022078321068	-0.698920256210677	-1.26372481821068	-1.84364824521068	-1.72008542621068	-0.661733489210675	-0.381311874210674	-0.388876508210679	-0.312321847210676
3887500000	-5.86220899264537	-0.768753469645368	-0.553875183645374	-0.923948790645369	-1.85587769064537	-1.38843271864537	-0.577519682645374	-0.532178395645374	-0.407066202645375	-0.30323793564537
4020000000	-6.26487898890188	-0.563154825901883	-0.667608253901882	-0.943855166901884	-1.89689090090188	-1.39086999890188	-0.665227497901881	-0.459233653901883	-0.23012029490188	-0.327991205901881
4152500000	-6.34430647171761	-0.286655155717604	-0.612061238717608	-1.29537893971761	-2.04204605971761	-1.26077763171761	-0.464430638717609	-0.390559304717605	-0.348137802717609	-0.360524205717603
4285000000	-7.08367706298758	-0.263848406987577	-0.744690801987581	-1.06392609898758	-2.06321378698757	-1.22935429298758	-0.49905597198758	-0.407007654987581	-0.348047927987579	-0.265855299987578
4417500000	-7.67901204912819	-0.267444447128192	-0.800812465128196	-1.12137863412819	-2.14366757712819	-1.24296555412819	-0.58157500612819	-0.38482441812819	-0.31409382912819	-0.32144925412819
4550000000	-7.87053031361484	-0.483068586614834	-0.636696853614836	-1.27908316361484	-2.25982536861483	-1.24818057261484	-0.657793773614834	-0.668033775614838	-0.558384955614834	-0.425459680614836
4682500000	-8.93528549376877	-0.935800074768771	-0.765823205768768	-1.34700252476877	-2.49856727276877	-1.40538567276877	-0.678049129768773	-0.664549044768769	-0.552810255768769	-0.503804391768774
4815000000	-9.31155162693695	-1.30828197093695	-0.871573703936946	-1.44785258193694	-2.35404228693695	-1.18616639093695	-0.665824710936946	-0.730980236936944	-0.539993617936943	-0.594441146936944
4947500000	-9.56387259886059	-1.20632208786059	-0.880017103860588	-1.29360021486059	-2.31294497486059	-1.13387519886059	-0.621572306860585	-0.604802777860591	-0.602177907860586	-0.547337440860588
5080000000	-10.0983869608137	-1.53621168181367	-0.740534645813668	-1.21179681381366	-2.35645307281366	-1.02123873681366	-0.434707903813667	-0.562044951813668	-0.408298293813665	-0.519309039813663
5212500000	-10.6504098641076	-2.1180547531076	-0.753851053107603	-1.2070039851076	-2.3981005721076	-0.855327397107601	-0.406440256107601	-0.550096755107603	-0.393186043107598	-0.489637242107598
5345000000	-10.7188957443152	-1.85743497931523	-0.739422835315224	-1.25448666931523	-2.38154202631522	-0.877859196315228	-0.410434021315226	-0.482232516315229	-0.405820101315229	-0.500446598315229
5477500000	-11.2976751290443	-2.16676158104427	-0.65535401004427	-1.40059933504427	-2.30185669104427	-0.674395039044271	-0.34907032404427	-0.439759490044267	-0.396396011044267	-0.537973978044271
5610000000	-12.0394035656054	-2.72945266460536	-0.74231775660536	-1.44024881360536	-2.18351779760535	-0.600870531605359	-0.273620065605357	-0.518317991605358	-0.430191039605361	-0.53081558360536
5742500000	-12.4923836019363	-2.78536522993625	-0.830327825936259	-1.37932421993626	-2.36367767893626	-0.586318178936253	-0.262264506936255	-0.504669253936257	-0.566202947936254	-0.659153602936257
5875000000	-12.6010274090885	-2.45611429308846	-0.789021710088463	-1.46161569908846	-2.37815451708846	-0.481409912088459	-0.32773187308846	-0.548116704088457	-0.368898129088457	-0.614009714088461
6007500000	-12.7865180759176	-2.8796930319176	-0.860046594917598	-1.4247935049176	-2.4106853569176	-0.397207877917602	-0.216657706917601	-0.529213615917598	-0.390103991917599	-0.693225204917596
6140000000	-13.0950185935891	-3.46157383258912	-0.866661859589115	-1.47973406058912	-2.53299356358912	-0.213273487589113	-0.268006721589117	-0.485320877589118	-0.505991072589111	-0.643106946589114
6272500000	-13.2307077074265	-2.94925528442649	-0.989373801426481	-1.44129600342648	-2.52899557542649	-0.239305447426482	-0.283280032426482	-0.45177680842648	-0.548924260426482	-0.644856448426481
6405000000	-13.5365070069526	-3.18556932195259	-0.91852562795259	-1.54156160595259	-2.57550726395259	-0.194851324952587	-0.14868398095259	-0.389883976952589	-0.580221995952591	-0.647751177952593
6537500000	-13.6903187091597	-3.84599259815968	-0.952084750159678	-1.51994888915968	-2.63513917815968	-0.0527931571596767	-0.126548640159676	-0.461747491159677	-0.542454591159682	-0.773375715159681
6670000000	-13.5223510200566	-3.53306677005664	-0.967862436056642	-1.51212180005664	-2.49643975605664	-0.0295739370566395	-0.0949094230566416	-0.479823161056643	-0.493295457056639	-0.745688895056638
6802500000	-14.0574066766036	-3.55685070060356	-0.950964537603561	-1.57368045460356	-2.57737684260356	0.0156825083964378	-0.130273856603559	-0.588326078603558	-0.678760655603561	-0.788307851603555
6935000000	-14.2204257511973	-4.57955372119731	-1.0213588821973	-1.57692960719731	-2.66321550919731	0.0653385238026942	-0.0026738851973036	-0.467717532197305	-0.60757262019731	-0.744296482197306
7067500000	-14.5002627413773	-4.41094569637734	-1.06778580937734	-1.67045341237734	-2.68370107637734	0.171251445622659	-0.0868133173773415	-0.497531961377341	-0.625344279377337	-0.660809303377341
7200000000	-14.0282007063628	-3.95064030936281	-1.14318557436281	-1.74210834436281	-2.63541312936282	0.0757692446371863	0.0782064426371889	-0.564492974362814	-0.589611162362814	-0.772414752362813
7332500000	-14.1110977269299	-4.55940550092992	-1.05533946192992	-1.66580314992992	-2.57176270592992	0.119624519070079	0.104250253070084	-0.470205405929917	-0.633310571929918	-0.798271694929916
7465000000	-15.3043426862551	-4.94498260925506	-1.11269423725506	-1.64943483925506	-2.86858767825507	0.177787894744931	0.0690241717449354	-0.409192394255065	-0.643301433255068	-0.769544277255065
7597500000	-15.3411889707416	-4.52694196374161	-1.28987365374161	-1.85708399874161	-2.8033874627416	0.0994105252583921	0.186781997258393	-0.43144189074161	-0.669204287741607	-0.851965018741609
7730000000	-15.2724732888655	-4.87052532186552	-1.20688272286552	-1.80672937786552	-2.69958914786552	0.188046835134479	0.233044017134482	-0.51720947386552	-0.68411017586552	-0.896481056865518
7862500000	-15.5592230682201	-5.85731876922014	-1.06982973222014	-1.85634623622013	-2.81918250522013	0.118103257779865	0.279473051779867	-0.492362742220138	-0.705230215220134	-0.880161324220133
7995000000	-15.3705532155761	-5.59344118657609	-1.21221953657609	-1.76949930457609	-2.82162830057609	0.262994120423912	0.335123086423913	-0.468608147576091	-0.720063848576089	-0.944515787576087
8127500000	-15.0620697560139	-5.7703099270139	-1.32155541001391	-1.8641244600139	-2.8231273510139	0.443192627986093	0.327295449986096	-0.471036946013903	-0.717420706013904	-1.11392030901391
8260000000	-16.5835411713807	-6.32170938838067	-1.22782849538067	-1.98004551438067	-2.87540216238067	0.0224243156193324	0.419063770619331	-0.489962716380667	-0.80056892238067	-0.948453979380666
8392500000	-16.1960044359657	-6.40887828396571	-1.41222660296571	-1.85725446096571	-2.85761901496571	0.0801451680342851	0.450264175034285	-0.457800323965714	-0.715117217965712	-0.942887651965712
8525000000	-16.9825034254847	-6.5381142694847	-1.32981055148471	-1.94747809748471	-2.90584220848471	0.457044869515293	0.532164663515296	-0.382986518484707	-0.796851598484707	-0.934632094484705
8657500000	-17.3503566541304	-7.23759142713037	-1.43793408913037	-1.94089249313038	-2.87634560013036	-0.00458578213037697	0.568745677869629	-0.334645583130367	-0.763788574130373	-1.03197816413036
8790000000	-17.8449795173732	-7.66623468637316	-1.34616323637316	-1.93083222837316	-2.90218679937316	-0.215589176373165	0.589966477626838	-0.323298258373164	-0.707023986373159	-0.901951545373159
8922500000	-17.3313802733557	-7.55337531235569	-1.41160051835569	-1.95838469435569	-3.07722388635569	0.0945325996443103	0.751160908644309	-0.392861473355694	-0.70546520035569	-1.05093299335569
9055000000	-17.7764492509909	-8.01418748799091	-1.4306489969909	-1.88850285399091	-3.0095827009909	-0.167302930990907	0.708651056009096	-0.343830717990905	-0.707358260990908	-1.07426993999091
9187500000	-18.8649714189203	-8.4045177209203	-1.4140101439203	-1.9329325849203	-2.9808822929203	-0.344929896920299	0.8489057730797	-0.261396020920301	-0.637073364920298	-0.936107985920302
9320000000	-18.7523350464276	-8.52314618742758	-1.42587823942758	-1.99697408242758	-3.03771346942757	-0.347552514427576	0.880765766572424	-0.292267467427578	-0.668990700427578	-0.968325197427575
9452500000	-19.2874233149079	-9.00131387090786	-1.33157768190785	-2.07255055690786	-3.08845477890785	-0.501324569907858	0.923327887092142	-0.234065566907852	-0.618138072907854	-1.05230989390785
9585000000	-19.2645673861943	-9.28107085019427	-1.45219045319427	-2.03579156219427	-3.18205653819427	-0.983128915194264	0.846537652805736	-0.162031390194265	-0.628312602194264	-1.03643776319426
9717500000	-18.9791327008542	-9.3598346588542	-1.39514987185421	-2.03602650285421	-3.24474656185421	-0.823283620854205	0.758675000145793	-0.197613325854206	-0.708193540854204	-1.1035546948542
9850000000	-19.424702432637	-9.805916302637	-1.515364427637	-2.144463483637	-3.136565116637	-1.260697774637	0.786329166362997	-0.206983069637005	-0.642546449637003	-1.006583996637
9982500000	-19.9152475380404	-10.2478388290404	-1.44067930104037	-2.04695468204037	-3.22014596504037	-1.65833875904037	0.695527042959633	-0.181200771040366	-0.731884235040368	-1.20997186704037
10115000000	-19.9253158978201	-10.5462469608201	-1.4968027688201	-2.0713855438201	-3.2162449258201	-1.9027190118201	0.719969892179904	-0.1157542538201	-0.7617138878201	-1.1136558618201
10247500000	-20.4262959987309	-10.4365987227309	-1.69026203673094	-2.21882834873094	-3.12991028373094	-1.89783898573094	0.665648080269065	-0.0870176207309399	-0.757569429730935	-1.17515522073094
10380000000	-20.5119446379242	-10.9444972549242	-1.55889358292416	-2.26391938392416	-3.32478750692416	-2.64314076092416	0.744149321075838	-0.164921752924158	-0.78219321992416	-1.22414978792416
10512500000	-21.1858091046771	-11.4534496416771	-1.61837171967711	-2.24063061067711	-3.29787420667711	-2.69963967767711	0.828033596322896	-0.117908477677105	-0.745715825677102	-1.20681922667711
10645000000	-21.3212445767521	-11.4576470237521	-1.67379246575207	-2.19708606775207	-3.30693366575206	-2.85361240975207	0.746620561247937	-0.173798811752064	-0.746609882752061	-1.13791555775207
10777500000	-21.6746602173393	-11.9243732443393	-1.60369477333931	-2.36185180733931	-3.38997934133931	-3.41343922433931	0.72536065066069	-0.126792891339306	-0.760856409339311	-1.23959997233931
10910000000	-21.5707476434669	-12.5011192444669	-1.57673852646687	-2.23012314746687	-3.33976823846687	-3.89233363846687	0.594887866533128	0.0100685765331292	-0.684098771466871	-1.18141472446687
11042500000	-22.557887898882	-13.206337262882	-1.62070084988198	-2.38816878288198	-3.34792204388199	-3.98671966488198	0.699961868118017	-0.154019929881983	-0.757065922881985	-1.16071458488198
11175000000	-23.4376019314036	-12.9789217364036	-1.75127235240362	-2.35177546540362	-3.44557524940362	-4.30478233940362	0.628550882596379	-0.16354547640362	-0.759633528403619	-1.21292312940362
11307500000	-23.6940793537014	-13.6312728637014	-1.6796327297014	-2.3206814167014	-3.38636160470139	-4.6861058547014	0.469115088298608	-0.0988134357013948	-0.753669418701392	-1.2933193667014
11440000000	-24.6541589244055	-13.7449350304055	-1.6218720754055	-2.5015659894055	-3.43715874040549	-4.9112302074055	0.461128138594503	-0.0976736024054929	-0.935253364405497	-1.1835129694055
11572500000	-23.3252712616523	-13.6413875856523	-1.66289888565227	-2.38203959765227	-3.38960328065227	-5.38697424665227	0.33661490934773	-0.104575121652267	-0.699720457652269	-1.33080909965226
11705000000	-23.667605243632	-13.924098702632	-1.75162535663205	-2.35763534963205	-3.50748393563205	-5.56895391063205	0.189946171367957	-0.116375680632046	-0.904778710632044	-1.22871450063204
11837500000	-26.1445779237224	-14.4190700547224	-1.73316005572236	-2.51754247972236	-3.48196813172236	-6.08989839572236	0.0395090922776404	-0.161399225722363	-0.764735273722359	-1.34932932372236
11970000000	-23.517995248942	-14.647469294942	-1.71734797994201	-2.502561991942	-3.506468306942	-6.137925682942	-0.0434480449420036	-0.158490266942003	-0.854469805942003	-1.368209617942
12102500000	-23.4546653356479	-14.7103502606479	-1.75048726264795	-2.51125245264794	-3.57435245864795	-6.44857423764795	-0.183229072647947	-0.192210293647946	-0.813114596647949	-1.23430732864795
12235000000	-24.7758886471444	-15.7144683171444	-1.91495590214439	-2.61452630414439	-3.44221329214439	-6.64062409614439	-0.441043110144392	-0.158939673144396	-0.833063749144394	-1.2881783181444
12367500000	-23.9163120202448	-15.5446678062448	-1.80446837324482	-2.73161954724482	-3.64204697124482	-7.03152285924482	-0.493475779244818	-0.210611683244821	-0.766902806244822	-1.39830672024482
12500000000	-25.9494993209596	-15.6651122789596	-1.95696467795958	-2.44193178195958	-3.60999586095959	-7.43931822495959	-0.685741049959582	-0.123156717959581	-0.849868933959584	-1.41274827895958
12632500000	-27.3252474220716	-15.9549492380716	-1.86110573507164	-2.60953575807164	-3.79306202907163	-7.72553894207164	-1.01911653707164	-0.254435444071639	-0.854932652071639	-1.38042090907164
12765000000	-24.4965809389299	-16.0515982139299	-1.97178265292987	-2.65084226692988	-3.80636412292988	-7.90738885992987	-1.13656775692988	-0.278008499929875	-0.818278581929874	-1.52636509292987
12897500000	-24.013911461783	-16.7709011537831	-1.96199344278305	-2.90303500178305	-3.72521856878305	-8.10939634678305	-1.33238578878305	-0.350805389783055	-0.92929912878305	-1.51695801078305
13030000000	-26.4368753515485	-16.9112967535485	-2.13076990854846	-2.77362355654846	-3.85488333854845	-8.52301020054846	-1.50120197054846	-0.550394521548455	-1.06994763854846	-1.52653190854846
13162500000	-26.6091975481793	-16.8735048661793	-1.96757678617932	-2.71317752817932	-4.03290451017932	-8.79570338617933	-1.69508969517933	-0.536694242179323	-0.912676512179324	-1.49515682117932
13295000000	-26.3633745216384	-17.9670606726384	-2.2405082186384	-2.79961496063839	-3.99311560563839	-9.2258998716384	-1.84285782663839	-0.563052430638393	-1.03939278463839	-1.4506349136384
13427500000	-26.5972309115257	-17.4556538095257	-2.09199481252566	-2.81749104952566	-3.89734930952565	-9.54199391852566	-2.07065538252565	-0.600065507525656	-0.954934931525656	-1.62366794452566
13560000000	-28.0714702400669	-17.1505555100669	-2.00812453206687	-3.01148514006687	-4.14703746206686	-9.79316001706687	-2.43766582306687	-0.737528752066865	-1.09425812206686	-1.60456977706686
13692500000	-25.3159643337744	-17.5724996537744	-2.18461664077439	-2.91371475777439	-4.11755545077439	-10.0212612347744	-2.70957340477439	-0.80089548777439	-1.04832194477439	-1.56719124677439
13825000000	-30.5230089801941	-18.2070024851941	-2.29685844219409	-2.84476635819409	-4.26130306119409	-11.0267034991941	-2.94491859419409	-0.784608353194095	-1.18434091119409	-1.7078339331941
13957500000	-31.0232823722894	-19.4998777682894	-2.24319961028941	-2.95308629628941	-4.0128029752894	-10.6049658252894	-3.38117689528941	-0.988490877289408	-1.23652814028941	-1.7800971352894
14090000000	-29.3353065544311	-18.5260068374311	-2.34901230543107	-2.98009356843107	-3.91346889143107	-10.9553990564311	-3.41236930143107	-0.925101273431075	-1.34790349143107	-1.82571764643107
14222500000	-29.0746368231147	-19.5726137261147	-2.12297214211466	-2.91269776111466	-4.33845048211467	-11.4071850051147	-3.59123403711467	-1.18301944911467	-1.19061162611467	-1.59850134411467
14355000000	-28.4016294832175	-19.0299825312175	-2.29401336521754	-2.97651637721754	-4.16765149021754	-11.9280669952175	-3.95499043021755	-1.18575357321755	-1.34900351021754	-1.63701002621755
14487500000	-33.7430776974776	-19.3868629234776	-2.24886014247761	-3.05625315447761	-4.27099429447761	-11.6523089844776	-4.02946793147761	-1.53744711947761	-1.33420767147761	-1.78789218147761
14620000000	-27.1101006442254	-20.6202352152254	-2.4334680762254	-2.9157680822254	-4.41348926922539	-11.9045887762254	-4.3358163942254	-1.4911344542254	-1.3523050772254	-1.73168440522539
14752500000	-28.1318651424104	-20.3541217314104	-2.38660570241036	-3.13399839941037	-4.25548452841036	-12.1106168104104	-4.31833830441037	-1.70499937941037	-1.35084089041037	-1.88502545141036
14885000000	-31.3261189173183	-20.2131973973183	-2.34950760831831	-3.11569479831832	-4.32132301731831	-12.2719683633183	-4.86163041831831	-1.75411032131831	-1.41320468931831	-1.93560506431832
15017500000	-31.3946682586889	-20.4469732166889	-2.44801063768891	-3.27529468168891	-4.37047554568891	-12.7002362596889	-4.96114710468891	-2.02920155268891	-1.38482322568891	-1.89632047368891
15150000000	-29.1393745528024	-21.0681335808024	-2.52304585180243	-3.08625629180243	-4.38914030180243	-12.3606005138024	-5.14860286980243	-2.12510817580243	-1.52434763280243	-1.90595292680243
15282500000	-30.9536838237741	-19.8935800327741	-2.33441386877415	-3.35268490477415	-4.74748040277415	-12.9344450737742	-5.40135180677415	-2.10535051177415	-1.53576693177415	-2.01550230077415
15415000000	-34.0361460510824	-19.3631449970824	-2.73286489908239	-3.46747926208239	-4.51563727308239	-13.0277195210824	-5.65768791608239	-2.12632160508239	-1.81530819708239	-1.84979115808239
15547500000	-27.7627073031027	-20.3027224241027	-2.60867306910274	-3.20783138810274	-4.83764182910274	-12.8641365341027	-5.63005392710274	-2.27772999310274	-1.92061662310274	-2.03698814010274
15680000000	-28.6301010783604	-20.7919778953604	-2.64207251836039	-3.32452716336039	-4.57911926236039	-14.1258345383604	-6.48775741536038	-2.46838056336038	-1.97628921736038	-2.26618110836039
15812500000	-27.2744776324001	-21.5477043644001	-2.83851783940013	-3.41095356840013	-4.89160477640013	-13.9515290434001	-6.42752054040013	-2.99165828040013	-2.02237725840013	-2.25179786040013
15945000000	-27.1558787426641	-22.1065065076641	-2.89424258866406	-3.81270566166405	-4.90754578966406	-13.5985128076641	-6.62599148566405	-2.93147385766405	-2.15957254866405	-2.49361135166405
16077500000	-34.1161075851758	-22.0683625561758	-2.73380223917582	-3.84118032917581	-5.01987267217581	-13.6915828071758	-6.76275035817581	-3.20792850517581	-2.14270550017581	-2.42320092917581
16210000000	-35.0939556492287	-22.3788772192288	-2.99840250222875	-3.70478287022875	-5.01959441922875	-14.3513876782287	-7.10131877322875	-3.21908786122875	-2.34846700122875	-2.46244754922875
16342500000	-29.5905677261653	-21.4260914781653	-2.88232449316531	-3.94037870416531	-4.79722448416531	-14.6511723881653	-7.38214979016531	-3.59174203116531	-2.32639570316531	-2.57054645916531
16475000000	-30.5203484046475	-21.7463704916475	-2.92587034064745	-3.65552440864745	-4.85696836764745	-15.5525176486475	-7.43691845164745	-3.59305859764745	-2.42560962364745	-2.64771641164745
16607500000	-36.9509187039451	-22.9765551829451	-3.06375249494508	-3.40512651694508	-4.84072122194508	-14.3226106609451	-7.79464386594508	-3.70375778394508	-2.51895573094508	-2.49276753694508
16740000000	-37.7291719471747	-24.0126835791747	-3.20337927217469	-3.7947547821747	-5.06731451717469	-15.5699874521747	-8.2162021021747	-4.08692601017469	-2.4836931901747	-2.64521026217469
16872500000	-30.0947218142269	-22.3408205972269	-3.03428931722686	-3.75128354622686	-4.71391701122686	-15.8878377382269	-8.76643458422686	-3.90052496622686	-2.62826032522686	-2.56719595822686
17005000000	-38.904867343186	-22.572843429186	-3.15647808418601	-3.785543809186	-5.02930056518601	-16.743673925186	-8.42014041918601	-4.35174481818601	-2.657135434186	-2.755260906186
17137500000	-32.6375117090872	-22.9252744850872	-3.17917614108725	-3.62167129408724	-5.17698808508725	-16.9218222790872	-8.85668255408724	-4.57124511308724	-2.85319616708724	-3.04006818108724
17270000000	-33.6587265373064	-22.3607221343064	-3.28050646830637	-4.14772363130637	-4.97502094730637	-16.4707476793064	-8.90632002230637	-4.60345410730637	-2.84099001230637	-2.83610006630637
17402500000	-31.794736010406	-26.702769354406	-2.98112042340605	-3.79340696140606	-5.37549749640606	-16.8441115104061	-9.48999431940605	-4.98254537440605	-3.00689367340605	-3.05732234640605
17535000000	-35.3059996818409	-25.4591862818409	-3.24574460484091	-4.20671317484091	-5.33339182184091	-15.7156292978409	-9.9675152938409	-4.6373972428409	-3.14401851784091	-2.87971197584091
17667500000	-34.8613519660391	-26.0079549250391	-3.19575123603908	-3.73681111603908	-5.60089828203908	-16.5642395230391	-9.54094923303908	-5.11173912303908	-3.20100371703908	-2.92550808103908
17800000000	-38.8238955468091	-26.6010188578091	-3.09796637180905	-4.00489291380905	-5.22241159880905	-16.2618363518091	-9.29387131280905	-5.37626048680905	-3.05389585280905	-2.92835554380905
17932500000	-31.0605345991451	-24.4396171571451	-3.48085215814513	-4.08041722314513	-5.86982896114512	-16.9617210511451	-10.1352317331451	-5.34790698014513	-3.33336982014512	-3.27144536714513
18065000000	-41.6780809955743	-23.3369206595743	-3.44255752757429	-4.11953973357429	-5.04123381657429	-17.1779328225743	-10.4974979765743	-5.69576548557428	-3.50473041157429	-3.03834709457428
18197500000	-28.4366500779586	-21.7465879079586	-3.47165585095859	-4.59598006295859	-5.38474345295859	-16.8311454109586	-10.9132992549586	-5.70254810895859	-4.11802522595859	-3.61426823395859
18330000000	-27.781110543469	-24.198111020469	-3.94507378046904	-4.58417290346904	-5.63187815146904	-17.879562902469	-10.238682280469	-6.08711035446904	-3.98951436746904	-3.71297632446904
18462500000	-38.1916593442077	-23.4232695962077	-3.76309200320771	-4.59821145820771	-6.28294198820771	-18.4545464252077	-11.2330014862077	-6.33987195920771	-4.15858488320772	-3.56782608820772
18595000000	-29.5925273039586	-25.3561732909586	-3.9953963759586	-4.87353192195859	-5.9293391109586	-17.4794673689586	-10.5195401009586	-6.7135373459586	-4.4171960039586	-3.6680337229586
18727500000	-32.229390174628	-26.040206369628	-4.181966094628	-4.796675044628	-6.019043215628	-17.785499479628	-10.995342565628	-6.640784815628	-4.63352341762801	-3.787106139628
18860000000	-28.727714844398	-22.034647234398	-4.00797617939799	-4.50234754939798	-6.22018870139798	-18.336731143398	-11.295807477398	-7.05253209539799	-4.90185121239799	-3.90869338839799
18992500000	-32.6802948951629	-23.6846713631629	-4.36174589616287	-5.18173315416287	-6.03105526716287	-18.2317578131629	-12.2751590061629	-6.92031887116287	-4.66908543216287	-4.17711161216288
19125000000	-30.6108055927461	-28.9535501747461	-3.97171466074612	-4.72611326574611	-6.55651633674611	-19.0333632137461	-12.0074573907461	-7.41211781474611	-4.76036255974611	-4.06370166874611
19257500000	-33.2078103420534	-27.4738580230534	-4.31111595905338	-4.77856683905338	-6.58704923305338	-20.4429657930534	-12.5405367840534	-7.31042202405338	-5.22002472205338	-4.37285342105338
19390000000	-28.9616512702313	-25.1739607012313	-4.23111429423127	-4.93319879523127	-6.18585805223127	-18.9163733972313	-12.2594922982313	-7.53292706823127	-5.03517824323127	-4.34841301623127
19522500000	-30.3276248226917	-36.9592556666917	-4.50015704969174	-4.88985460969174	-6.47782171669174	-21.9743237746917	-13.1347904756917	-8.59445861569174	-5.01677561969174	-4.44698590169174
19655000000	-36.9386945273798	-31.1870537323798	-4.65368466437975	-4.77716632237975	-6.11441799437975	-18.8178117103797	-13.4114637413797	-8.54146353937975	-5.56210859837974	-4.76954209637974
19787500000	-32.0811760470041	-25.0978681640041	-4.33962631200407	-5.06903709100407	-6.27397090700407	-18.2895486260041	-12.9723234140041	-8.54400705500407	-5.34184367200407	-4.60137654700407
19920000000	-31.5460606821352	-29.6506139851352	-4.33654134813516	-5.13069655213516	-6.74848493113516	-19.8745578911352	-13.2240571071352	-8.21071308913516	-5.65844599613516	-4.62408202213516
20052500000	-34.1546591707305	-25.7268024097305	-4.50502377473054	-5.22192497273054	-6.55201633973054	-19.2967603587305	-13.7686334987305	-8.88548716873053	-5.25981588773054	-4.09011151173054
20185000000	-27.2304481038152	-22.6965762468152	-4.80731036781525	-5.17060650781525	-6.76109431481525	-19.9334148868153	-12.1493926718152	-8.42310827881525	-6.43931790281525	-4.32615369581525
20317500000	-34.0814351565378	-25.2310337765378	-4.71128694453784	-4.99696944153784	-6.54650487353784	-19.0283501665378	-12.4721176595378	-8.88571523453784	-5.86683922153784	-4.58010124353784
20450000000	-27.0713728256161	-24.417939904616	-4.86596172861604	-5.42055426561605	-6.22108706561605	-19.443056224616	-13.507155582616	-8.90437340861605	-6.36385326761604	-5.42501169061605
20582500000	-29.1151980010094	-30.8168922770094	-5.31647179000942	-5.61126853000942	-6.80303457500942	-19.8265219230094	-13.8916817470094	-9.12325022100942	-6.63932417800942	-4.76659937600942
20715000000	-32.2010053440324	-24.1906332460324	-5.12488391203237	-5.88188472803238	-7.12918366503238	-19.3685401750324	-13.8765980020324	-9.23740898603238	-5.87253138403238	-5.42400786303238
20847500000	-29.7884716445678	-24.0172841555679	-5.14962740156786	-5.94507353956785	-7.09287529656785	-20.5071899785679	-12.5607887175679	-9.27767710456785	-6.26617906856785	-5.45426465456785
20980000000	-32.0785220717814	-27.2418300207814	-4.89265110578143	-6.10075573378143	-6.91855805578142	-21.2607491717814	-13.8254089137814	-9.31383675478143	-7.05543087878143	-5.10354557378142
21112500000	-30.9963232437267	-33.9749942507267	-5.29205318772668	-6.42336883172668	-8.24617097772668	-19.8750697067267	-14.0531198757267	-9.99632583872668	-6.47156820772668	-5.97799555272668
21245000000	-36.4324444408317	-25.8027751718317	-5.83522105283174	-6.32595018183174	-7.27861375883174	-28.2657594998317	-14.5419345448317	-9.82414196283174	-7.08889470683174	-5.42157697483174
21377500000	-24.9262884246366	-23.3298843526366	-5.77794610363654	-6.13282905063654	-7.15902173363654	-20.8775627206365	-15.9822870946365	-9.81724607363654	-7.03619383263654	-5.48084227763654
21510000000	-29.5341336217409	-29.8746264387409	-5.68068268874086	-5.98277118174087	-7.59070080274086	-23.6737885287409	-14.2255060817409	-11.1021875987409	-7.09357958974086	-6.47846915274086
21642500000	-29.1008053297115	-29.1751396397115	-6.1507803857115	-6.6666485487115	-7.7119535367115	-23.7813338577115	-14.3926459067115	-10.3505416857115	-7.6965257157115	-6.1732892637115
21775000000	-37.4826284374226	-29.0684124184226	-6.59736706542258	-6.63873871942258	-8.27573680142258	-22.4893383634226	-15.2679019274226	-10.4703852534226	-7.26176616942258	-6.37035706042258
21907500000	-32.0023680732476	-38.5471746562476	-5.55904423824759	-6.91718311324759	-7.76389921924759	-19.8288049962476	-16.1158314742476	-11.4470470492476	-7.67908540524759	-6.35344159324759
22040000000	-36.7530255937319	-27.6716145387319	-5.79210285773194	-7.11038592073194	-8.34542054973194	-21.5466298017319	-16.0373997357319	-11.7414292137319	-8.06609858073194	-6.51527687173194
22172500000	-34.3515678321075	-27.9193469191075	-6.11232653410753	-6.75898259410753	-7.59064517110752	-22.5762838821075	-15.4989396321075	-11.2944776421075	-8.49921061110753	-6.72747053410752
22305000000	-38.8939430779649	-30.0023422699649	-6.67220668996489	-6.92457164696489	-7.63920210096489	-22.2709326769649	-19.9008126629649	-11.7410843709649	-7.82961312596489	-7.29147879896489
22437500000	-32.5411578964014	-28.5845706204014	-6.79424437240139	-7.33332322540139	-7.62246623340139	-28.8814239244014	-16.7541476854014	-11.1879425934014	-8.79873612940139	-6.86393734840139
22570000000	-40.7111405371505	-26.2648388551505	-6.43874595415047	-6.95481121415047	-8.24206307915047	-23.4428925131505	-17.8751152161505	-11.1854544191505	-9.06980208715046	-7.24447217315046
22702500000	-36.604011367868	-33.901502699868	-6.49487590686802	-6.85901276786802	-8.47402350986801	-21.994722815868	-15.247479599868	-12.392279580868	-8.24465206886801	-6.73687827286801
22835000000	-42.7578821183263	-27.0201078043263	-6.20973832932629	-7.11246975532629	-8.67512684932629	-20.0711221593263	-18.7064535053263	-12.3844266813263	-8.93918847832629	-7.12719074532629
22967500000	-28.3371313676457	-25.7330543826457	-6.81228759364571	-6.9483368996457	-7.9794725646457	-23.9454081286457	-19.1340990686457	-11.8148185716457	-8.2571984506457	-7.20147566464571
23100000000	-36.8445752063802	-41.5433611903802	-6.67506962938016	-7.19388950538016	-8.45246703138016	-21.6275590533802	-16.7852038623802	-11.7655722763802	-8.90897927238016	-7.09453588738016
23232500000	-44.6529519352537	-30.8503324102537	-7.22335332425374	-7.39024986625373	-8.77710428025374	-23.6544873872537	-16.9567747182537	-12.1233249322537	-9.26625303625374	-7.46021402225374
23365000000	-42.6255725539002	-30.7260496779002	-6.79548454290023	-8.10452012590023	-9.15432502390023	-23.2609074179002	-16.2062789799002	-12.0776736119002	-9.47241211190023	-7.99001083990023
23497500000	-29.5564901445406	-26.1454767105406	-6.62748716454058	-7.56312434054058	-9.14305276754057	-24.6038087155406	-16.7300688505406	-12.5059056745406	-8.97553639454058	-7.42844956854058
23630000000	-51.2258477703208	-26.2567916453208	-7.34855567532077	-8.01779262232078	-8.86796475032077	-24.6179825083208	-17.4973201593208	-12.7674571973208	-8.83106414432078	-7.11033204132077
23762500000	-26.3717174597189	-38.8492841477189	-7.06387377971891	-8.28133091671891	-8.7698421437189	-24.4560865257189	-17.3608274957189	-11.8079476687189	-9.70714403271891	-7.49782623671891
23895000000	-35.7526079508114	-25.7053868988114	-7.4980032928114	-8.0853636728114	-9.48974614181139	-25.0433001798114	-17.2615178868114	-12.3593295448114	-9.8894167828114	-7.7205431418114
24027500000	-29.6878209759135	-31.3816248149135	-7.57071940491345	-7.80515032891346	-8.71521243391345	-27.2657848539135	-16.6885491399135	-13.0950609749135	-9.69817407791345	-8.61672321191345
24160000000	-30.7245441107782	-32.4235994287782	-8.13535309877817	-8.83704884077817	-9.22012421377817	-21.6285422427782	-18.5102485417782	-14.0866723937782	-9.82187972977817	-8.53558017177817
24292500000	-44.3543992094306	-30.5924220374306	-8.55065744843058	-7.88456250943059	-10.1235998784306	-25.3985452834306	-18.4861873104306	-14.0794389424306	-11.3487666004306	-8.68626567643059
24425000000	-28.5969862101871	-30.0889939171871	-8.14545148018711	-8.47135820218711	-10.1260790981871	-23.3042492701871	-21.2882186021871	-15.8160271891871	-11.6118780141871	-9.03788179218711
24557500000	-28.7612454127976	-35.9440858877976	-8.62653935379757	-8.45811238279757	-9.84238838579757	-22.4717512297976	-20.3017283587976	-15.6121890577976	-12.2696595877976	-8.61172807979757
24690000000	-35.6151812851928	-34.6928576711928	-8.6205232381928	-8.3178388561928	-9.6023765431928	-27.9977056301928	-18.6288310661928	-13.9342469431928	-10.7096838401928	-9.4766170621928
24822500000	-34.0347825200348	-29.5529159360348	-8.69847656303482	-8.36696846503482	-10.0455898860348	-27.5345491770348	-20.5284686030348	-14.6976067180348	-10.7115045970348	-9.53389063703483
24955000000	-32.1434061391355	-31.1307280811355	-8.52622513613553	-8.55373987413553	-9.83707668213552	-24.4952237431355	-20.8805429341355	-14.5786823961355	-10.8193968221355	-8.62153791713553
25087500000	-36.2698782098866	-40.8824166998866	-8.71976354588656	-9.11825330688656	-10.0719778438866	-23.4029608598866	-19.7823434868866	-14.5598274928866	-11.4514627428866	-9.09774529488656
25220000000	-35.2254759460931	-27.3603834560931	-8.33444667909309	-9.20541141309309	-10.5088369040931	-26.8062807460931	-18.8741712470931	-15.2458899710931	-10.9865953900931	-9.24734322809309
25352500000	-30.798266532558	-31.642316085558	-8.55541817955799	-8.17601386955799	-10.469662308558	-28.443435619558	-18.322003677558	-14.032654840558	-11.150820237558	-9.42915695955799
25485000000	-34.2170744863981	-28.0314421163981	-8.76240200339808	-8.79396613239808	-10.7890764413981	-22.8114835093981	-18.2553903443981	-15.2720272123981	-11.8456881523981	-9.79384442239808
25617500000	-44.4604137488928	-33.4352693558928	-9.24404499889282	-8.89528806289282	-10.6660229188928	-27.7448696718928	-20.9615021168928	-15.7148060588928	-11.8363376218928	-9.15500146089282
25750000000	-35.8479002688205	-28.7560371328205	-8.87158329782054	-8.92943442282054	-9.77394819782054	-26.9773388568205	-20.3711062398205	-15.8643578488205	-11.9171941668205	-10.3684637888205
25882500000	-42.1020802564508	-26.5395902814508	-8.96591346745081	-9.45066603745081	-10.5618522434508	-31.3921229784508	-18.3139098774508	-15.9227612834508	-12.3510891624508	-10.0201778844508
26015000000	-39.9069114301353	-25.8806844011353	-9.2263252501353	-8.7178958071353	-10.6504152681353	-26.2071399221353	-18.0317522841353	-14.3642828511353	-11.8640617381353	-9.7446195881353
26147500000	-33.2192658626133	-41.0779664106133	-9.11127324161333	-9.54760823961333	-10.5053277176133	-26.5379203726133	-18.0620810816133	-14.9724236176133	-12.0266533196133	-9.96479411461333
26280000000	-32.3757680130515	-29.8674232040515	-8.9958734850515	-9.6149681570515	-11.5622542630515	-25.7578224210515	-20.0355144990515	-15.4661973340515	-11.8407940690515	-11.5003445390515
26412500000	-36.0964823707309	-26.2138176587309	-9.46920105673091	-10.1047209017309	-11.1389412287309	-23.4003939967309	-19.4507450107309	-15.3207221357309	-12.1703809107309	-10.3583423047309
26545000000	-30.3859961452614	-27.1110941112614	-10.3406087072614	-10.2939382842614	-11.5404870352614	-24.4658854002614	-20.1647195892614	-14.1064175082614	-12.8016555352614	-10.8634358662614
