Frequency	M6082_10_13_2_2_20C_1_4mA__17_5dBm_S2P	M6082_10_13_2_2_20C_1_8mA__17_5dBm_S2P	M6082_10_13_2_2_20C_10_4mA__17_5dBm_S2P	M6082_10_13_2_2_20C_12_9mA__17_5dBm_S2P	M6082_10_13_2_2_20C_15_6mA__17_5dBm_S2P	M6082_10_13_2_2_20C_2_5mA__17_5dBm_S2P	M6082_10_13_2_2_20C_3_5mA__17_5dBm_S2P	M6082_10_13_2_2_20C_4_8mA__17_5dBm_S2P	M6082_10_13_2_2_20C_6_4mA__17_5dBm_S2P	M6082_10_13_2_2_20C_8_3mA__17_5dBm_S2P
45000000	-2.393490802	0.382528334999996	1.216084955	-1.710548864	-1.198997621	-0.586689955000004	1.18047195299999	2.37078049399999	0.0986714309999996	0.346999406999998
177500000	-4.169382636	-2.066650584	-0.0975180280000032	-0.943502363	-2.354836767	-1.274448863	-0.236503619000004	0.202614622999995	0.0285762009999999	-0.0583212180000032
310000000	-5.946474547	-2.474811047	-0.462913738000005	-1.05929436	-1.946704685	-1.230965707	-0.354511565999999	-0.271448104000001	0.0216758409999969	0.0594293699999966
442500000	-3.509496995	-1.06822766200001	0.612673489999999	-0.113703860000001	-0.846381912000005	-0.379205906000003	0.624521844999997	0.988904675999997	1.113582646	1.095760301
575000000	-3.831267211	-1.558486948	0.0280820750000004	-0.312892796	-1.528181818	-0.805878001000004	0.161997131999996	0.559173051999998	0.531324593999997	0.452987498999995
707500000	-4.18393814234211	-1.65068917334212	0.0245331056578877	-0.535416798342112	-1.65250808934211	-1.03884858034211	-0.0246416183421161	0.372279670657882	0.370487515657885	0.375473671657886
840000000	-4.04019924651179	-1.60169228051179	-0.15442100851179	-0.591209235511791	-1.56628421751179	-1.07722996951179	-0.0935467305117896	0.199579185488204	0.241806063488205	0.21826445548821
972500000	-4.07744729747993	-1.83468490047993	-0.213720427479927	-0.755777897479931	-1.84052997847993	-1.17877518647993	-0.125116158479933	0.0373087015200682	0.109564280520068	0.196563763520068
1105000000	-4.33203518873995	-1.87811929573995	-0.153228611739948	-0.799063607739946	-1.98789793273995	-1.36903652473995	-0.220221784739948	0.0987828862600537	0.27977651226005	0.116017082260051
1237500000	-4.44673918939221	-1.75083988339221	-0.147936768392213	-0.938440899392212	-1.87058641539221	-1.24491542339221	-0.20539729339221	-0.0554112423922106	0.0453385566077884	-0.0075703133922147
1370000000	-4.53797922292222	-1.91021467492222	-0.190546546922221	-0.797321650922221	-1.90733523092222	-1.33321494392222	-0.29424649492222	0.0137398310777783	0.0600192140777764	0.107090982077779
1502500000	-4.17428652547869	-1.66427899047869	-0.241424750478693	-0.918738586478696	-1.94589859247869	-0.728218581478693	-0.319180996478693	0.025938259521304	0.101955167521304	-0.024102573478693
1635000000	-4.31176804336407	-1.69890754036407	-0.260707402364069	-0.822328994364071	-2.01767756536407	-0.766078860364068	-0.263395438364071	-0.000845205364065293	0.0344602516359345	0.0953970766359333
1767500000	-4.41218619738213	-1.61520260938213	-0.218209292382134	-0.877157094382135	-1.93262321438213	-0.643022989382132	-0.313527568382135	-0.027088024382131	0.108457942617868	0.0800168036178661
1900000000	-3.76063210726874	-1.39791577126874	-0.143447138268741	-0.853565162268744	-1.91546664326874	-0.612217691268739	-0.364788071268741	0.0673939187312556	0.108920810731256	0.088528592731258
2032500000	-3.50417191466424	-1.42198413766424	-0.281413223664238	-1.02739869166424	-1.93925007866424	-0.756011251664241	-0.353806624664237	-0.141302771664236	-0.0781013076642409	-0.0324721896642401
2165000000	-3.48626308431431	-1.36796399831431	-0.434606303314311	-0.83536262131431	-1.91067233531431	-0.789735635314308	-0.314798344314312	-0.132428217314306	0.0585841586856901	0.0548364456856874
2297500000	-2.71724476116959	-1.48972080616959	-0.430495463169585	-0.908420965169583	-1.99869929116959	-0.772205430169585	-0.458467958169585	-0.128116177169588	0.111256877830414	-0.0884652901695873
2430000000	-2.29725327529277	-1.50093955729277	-0.489885814292769	-1.14344278129277	-2.09750364829276	-0.916750632292768	-0.373673867292766	-0.417909055292768	-0.0210087512927686	-0.348927820292765
2562500000	-2.43439076858503	-1.38564421258504	-0.269411981585037	-1.00693569758504	-2.05690593258503	-0.756282513585035	-0.421649206585037	-0.183765222585038	-0.167283497585032	-0.140137229585036
2695000000	-1.71430271109345	-1.28517737209345	-0.370740555093448	-1.17277517809345	-1.92156144609345	-1.03713672709345	-0.447992313093451	-0.163782344093448	0.166632010906554	-0.0630573460934514
2827500000	-1.4561151783691	-1.4474759313691	-0.323849360369096	-1.0624766323691	-2.1920987213691	-0.783674055369097	-0.422670424369102	-0.143592785369101	-0.0648366253690966	-0.0538360703691012
2960000000	-1.46038176072304	-1.20373693972304	-0.466853565723042	-0.890156325723041	-2.07495926772304	-0.792959480723042	-0.444190763723036	-0.292577164723042	-0.129112840723039	-0.203227396723037
3092500000	-1.05862830484509	-1.2241058588451	-0.371944450845099	-1.0733170638451	-2.18154625084509	-0.807425175845097	-0.588032717845095	-0.2497732638451	-0.0336110178450966	-0.0348290048450934
3225000000	-0.958457361595279	-1.04174237159528	-0.27339866559528	-1.19063119459528	-1.97950150659528	-0.737312741595282	-0.559087141595285	-0.21690419059528	-0.0422773465952844	-0.161579177595286
3357500000	-1.05113792353571	-0.854162977535715	-0.486902374535717	-0.978186375535714	-2.09419341453572	-0.644913006535717	-0.389145432535713	-0.150514157535717	-0.122325243535713	-0.348637705535715
3490000000	-1.10777832412766	-1.08896305512766	-0.334367532127665	-0.982605208127666	-2.23826937512766	-0.740940136127662	-0.35228343112766	-0.223960474127665	-0.109472807127659	-0.107562151127659
3622500000	-0.827551761975933	-0.857319204975937	-0.235684073975932	-0.986813360975937	-1.98905724297593	-0.608552342975933	-0.471482699975937	-0.105680830975935	-0.0557640669759323	0.107458362024062
3755000000	-1.20184053121068	-0.735899861210676	-0.333474248210678	-1.15041008921068	-1.94649796621068	-0.394301353210679	-0.29670394321068	-0.109130332210675	-0.21654964421068	-0.134920026210679
3887500000	-1.78227788664537	-0.700540386645372	-0.324876950645375	-0.986775819645374	-2.17723161764538	-0.215675116645372	-0.284094521645372	-0.220351120645375	0.00170468335462459	-0.221991881645373
4020000000	-1.74574637290188	-0.619977066901882	-0.302531523901884	-1.01582777090189	-1.88896049690189	-0.284095556901882	-0.134182922901886	-0.161345839901884	0.014215578098117	-0.196217547901888
4152500000	-1.95111653671761	-0.523789858717606	-0.327661888717607	-1.0099757147176	-1.89176256971761	-0.0394725107176086	-0.388950714717609	-0.0621376737176078	-0.0465308777176077	-0.122705545717608
4285000000	-2.58770861798758	-0.412327367987579	-0.375911009987583	-1.09545010698758	-1.95039251598758	0.0201990180124199	-0.322545454987576	-0.087352191987577	-0.0117205989875799	-0.0575771719875817
4417500000	-2.97358275512819	-0.280078107128197	-0.241909714128198	-1.00196963612819	-2.0596702001282	-0.0363364581281971	-0.193657213128198	-0.122244388128195	-0.0199720841281916	-0.0633035471281929
4550000000	-3.11031716661483	-0.283072101614835	-0.423685596614838	-1.16805864061484	-2.20588616361484	-0.0258116996148345	-0.293725854614834	-0.149599261614839	-0.0639196046148385	-0.0999028816148382
4682500000	-4.11423162476878	-0.00909309276877224	-0.507353625768772	-1.22471011176877	-2.42092880776877	-0.098942090768773	-0.358322774768773	-0.225363259768777	-0.216051989768772	-0.217786154768774
4815000000	-4.55357229693695	0.145753304063057	-0.593777075936949	-1.26008103993694	-2.31190126393695	-0.264566792936947	-0.285721368936947	-0.211408595936945	-0.297253800936943	-0.234925682936947
4947500000	-4.67631611386059	0.367169337139408	-0.488339735860592	-1.11647509286059	-2.27627205686059	0.0389396571394087	-0.220671918860589	-0.207098333860593	-0.0569202768605876	-0.279560267860589
5080000000	-5.03213669481367	0.342983470186333	-0.44722713981367	-1.13992657681366	-2.08113196081366	0.152508574186335	-0.214770364813667	-0.131226621813667	-0.0749447068136675	-0.166566989813667
5212500000	-5.5320503731076	0.1463515748924	-0.3535779601076	-1.0585548081076	-2.1479144711076	0.210295830892399	-0.0258869831076041	0.0158303768923957	0.0287881608923968	-0.141305540107602
5345000000	-5.51107017031523	0.330372772684768	-0.321024465315226	-1.00146985131523	-2.02561281531523	0.420297702684771	-0.023570661315226	0.0281105576847693	-0.0170856573152278	-0.104004512315228
5477500000	-5.81075426604427	0.174921085955731	-0.29532544104427	-0.997898569044274	-2.04263195904427	0.458597018955729	0.091061325955728	0.0875914109557314	-0.0295614370442721	-0.143102927044275
5610000000	-6.34713251760536	-0.205973729605361	-0.416864302605362	-1.07134733860536	-2.15345655560536	0.502774959394642	0.116708861394642	0.0223541113946411	-0.0443200276053588	-0.174461903605362
5742500000	-6.58900599593625	-0.181493338936257	-0.482203981936259	-1.09246760393626	-2.24691346993626	0.482350246063746	0.0297400750637422	0.0468139730637418	-0.0426695789362554	-0.00650921993625531
5875000000	-6.52230024208846	-0.00623239708846057	-0.390820670088459	-1.05080734008846	-2.15949805808846	0.767703591911541	0.123570673911537	0.0392825429115362	-0.0499661010884651	-0.232786614088461
6007500000	-7.0477932219176	-0.467427776917603	-0.439653429917598	-0.990721715917601	-2.1379185769176	0.741949724082396	0.132678233082402	0.0282110770823962	-0.0705936719175995	-0.241975695917603
6140000000	-7.48934681058912	-0.719925036589117	-0.46229698358912	-1.17571013158912	-2.17059003558911	0.861067913410885	0.255341484410884	0.0428684454108819	-0.0514596825891189	-0.072749377589119
6272500000	-7.27500701642649	-0.326511080426485	-0.416283425426485	-1.27055443442649	-2.20824959842648	0.988798773573514	0.261816658573515	0.0860649315735174	-0.0680699984264876	-0.126634064426483
6405000000	-7.60206961495259	-0.483807655952596	-0.531058587952593	-1.17819893195259	-2.26613321895259	1.08826188704741	0.316886102047405	0.0810743640474101	-0.10047416195259	-0.281421472952594
6537500000	-8.33798246815968	-0.995935440159684	-0.590397017159681	-1.17728960315968	-2.35594249415968	1.19367771084032	0.287767309840319	0.0839190398403176	-0.0881294501596841	-0.171163280159682
6670000000	-7.99056595205664	-0.65925771105664	-0.492623449056644	-1.16641468905664	-2.24962656405664	1.33332189294336	0.294243939943357	0.128674475943356	-0.0191256270566456	-0.176330835056639
6802500000	-8.05928840460356	-0.936546451603562	-0.513509680603562	-1.29809718760356	-2.29017485860356	1.48756499039644	0.299155248396438	0.0594077303964369	-0.135489862603563	-0.213808940603563
6935000000	-9.47513464619731	-1.75711832019731	-0.55651652319731	-1.28629764119731	-2.30321537519731	1.47559958380269	0.404869322802689	0.0936065738026883	-0.0813729411973085	-0.249855506197306
7067500000	-9.06660838837734	-1.73513683437734	-0.534263779377341	-1.17040553737734	-2.36887708237735	1.69098221362266	0.422054741622659	0.0855573096226578	-0.014483641377339	-0.184464555377339
7200000000	-8.46019248536282	-1.30446992036281	-0.599966775362816	-1.35099605236282	-2.36419208736282	1.82586132663718	0.400808286637186	0.138171121637185	-0.0792012793628132	-0.224587225362818
7332500000	-8.97272454992992	-1.89372782192992	-0.597319129929922	-1.37101815292992	-2.47171649592992	1.90579821107008	0.680785014070082	0.128689175070079	-0.154930322929921	-0.231057106929924
7465000000	-9.82092372425507	-2.11725693325507	-0.612812434255069	-1.31002932325507	-2.51231599725507	1.97997013174493	0.585955671744934	0.126584999744935	-0.0805642242550704	-0.351149074255069
7597500000	-8.39853932774161	-1.54683492074161	-0.703677919741608	-1.25105343074161	-2.46670702774161	2.07442886225839	0.621843577258389	0.162997513258389	-0.125684959741612	-0.402510080741607
7730000000	-9.47072138386552	-2.03086361286552	-0.622119539865523	-1.36566180986552	-2.48870278986552	2.06633454413448	0.627928590134481	0.116234639134476	-0.0587101458655184	-0.24715677986552
7862500000	-10.7592739312201	-2.92826072722013	-0.589412628220138	-1.29295812122014	-2.51280243922014	2.08590377977986	0.715708949779859	0.229560537779861	-0.11459442322014	-0.433337384220138
7995000000	-9.9428627695761	-2.48177814057609	-0.856382959576095	-1.40721391557609	-2.57694461457609	2.25006367842391	0.770916367423908	0.247433569423904	-0.0728155555760921	-0.37869516557609
8127500000	-9.99961213901391	-2.59984019801391	-0.620936736013903	-1.40646237801391	-2.4478558800139	2.21975002398609	0.833164039986094	0.315993901986097	-0.101538180013904	-0.300535483013903
8260000000	-10.9329666093807	-3.43620895838067	-0.632412563380669	-1.49460763438067	-2.40490786438067	2.17165764361933	0.868063697619327	0.216152383619331	-0.00966103238067006	-0.343170901380674
8392500000	-11.0627184759657	-3.03991112696571	-0.701217681965716	-1.37989087396571	-2.64170525596571	2.29332230603428	0.956943093034283	0.166392030034288	-0.107650527965717	-0.306388616965712
8525000000	-10.8465090214847	-3.08693840248471	-0.669143613484707	-1.36994484448471	-2.50570387048471	2.25620114051529	0.880905825515292	0.251367581515296	-0.0908793564847059	-0.386924996484709
8657500000	-11.8091577321304	-3.92765250413038	-0.716701904130375	-1.42644681013037	-2.52293121213037	2.04496550986963	1.11283264086963	0.351984340869635	-0.0733418171303697	-0.415223869130372
8790000000	-12.1583650843732	-4.03781670737316	-0.718176270373164	-1.37860118237316	-2.50923972537316	1.90161106962684	1.15922732462683	0.344277198626834	-0.0180548853731608	-0.284425817373162
8922500000	-11.8896796903557	-3.97786022335569	-0.735302346355695	-1.36646847035569	-2.54276106935569	2.1261563746443	1.1316643436443	0.344368438644302	0.0288954686443077	-0.414016607355691
9055000000	-12.1427377069909	-4.35076015599091	-0.678513324990909	-1.37196256999091	-2.50529829199091	1.86242391600909	1.20811906500909	0.351299541009091	-0.0492044029909096	-0.286218948990907
9187500000	-12.7311468819203	-4.6178798919203	-0.785919327920304	-1.4634742049203	-2.5646483919203	1.7152059070797	1.2740835800797	0.334948576079697	-0.0703857229202995	-0.367173628920305
9320000000	-12.9708405814276	-4.54639094642758	-0.784623063427574	-1.43476566442758	-2.59686403742758	1.80908003757242	1.34208977157243	0.476431007572423	-0.0493225944275792	-0.28279251342758
9452500000	-13.3756183299079	-4.89263564990786	-0.885786849907859	-1.39718704590786	-2.53490473790786	1.68280721009214	1.39745665109214	0.444878746092144	-0.0487250929078584	-0.427059462907856
9585000000	-13.4392894621943	-5.44718106219427	-0.727891548194272	-1.49288646519427	-2.68844949219427	1.40678458180573	1.42602566380573	0.416938791805734	-0.0287220871942679	-0.299886288194266
9717500000	-13.6157628098542	-5.66657047985421	-0.807353684854206	-1.58753761185421	-2.69723191185421	1.50248407614579	1.46495079314579	0.475348326145792	-0.0562733578542094	-0.326882198854207
9850000000	-14.280383176637	-5.85704801463701	-0.764612130637005	-1.554675799637	-2.632920095637	1.29558589836299	1.50522329836299	0.465936226362992	-0.014382204637009	-0.38779878763701
9982500000	-14.4062257920404	-6.05208104304037	-0.71923777904037	-1.61988103304037	-2.63988005104037	0.940169598959628	1.56124888895963	0.624784409959631	-0.01992585704037	-0.364339188040368
10115000000	-14.3694663858201	-6.5373093268201	-0.795834112820103	-1.5364681818201	-2.8293567918201	0.885759108179897	1.5536732151799	0.486396439179899	-0.0749575218201031	-0.416337343820103
10247500000	-14.2346986407309	-6.71740780973094	-0.876460912730941	-1.51660511373094	-2.71045200373094	0.862021975269059	1.58679614026906	0.484723579269058	0.0434748002690597	-0.369427142730942
10380000000	-15.0869561009242	-7.28034186392416	-0.970361184924165	-1.68643429792417	-2.84736468992416	0.274596056075836	1.49156316207583	0.622906497075839	0.00760378407584028	-0.478668146924164
10512500000	-14.8875983266771	-7.47504414967711	-0.98621276967711	-1.67866898267711	-2.8065460776771	0.144994251322892	1.58798343632289	0.544710971322893	0.00166030732289357	-0.444792024677106
10645000000	-15.0135808927521	-7.53549000775207	-0.864155220752068	-1.65791249375206	-2.92792382675206	0.234422661247933	1.57928047724793	0.593668152247936	0.0539567372479368	-0.401143648752068
10777500000	-16.0140654083393	-7.99880456433931	-1.03095069933931	-1.63054320133931	-2.79402011333931	-0.237529616339309	1.50121359366069	0.604749437660686	-0.0525641953393077	-0.459401255339309
10910000000	-16.7104778684669	-8.49495342546687	-0.993927706466877	-1.68832653846687	-2.82210551046688	-0.539589382466872	1.55033122253312	0.577667580533124	0.0297517205331275	-0.526171531466872
11042500000	-16.619343245882	-8.66897396288199	-0.930243074881986	-1.61073186188199	-2.79542087388199	-0.704988612881984	1.42521026411801	0.620439775118015	0.0404378991180181	-0.427948347881987
11175000000	-16.7394553824036	-8.97355718340362	-1.04686623840362	-1.63518024040362	-2.80671030140362	-0.90587999640362	1.47631882959638	0.612881718596377	-0.0189937334036188	-0.399350059403623
11307500000	-17.2475283757014	-9.3933981737014	-0.844479621701396	-1.61601967170139	-2.79763182970139	-1.3909213607014	1.4162178062986	0.719219753298603	-0.000529361701396169	-0.462477854701397
11440000000	-17.3486183714055	-9.6743437294055	-0.916443767405497	-1.7764623364055	-2.9671120164055	-2.6236685644055	1.3925894105945	0.587349889594499	0.0194318155945012	-0.370784818405497
11572500000	-17.8463376666523	-10.0184261246523	-0.923852895652267	-1.73667118765227	-2.80740703765227	-2.87952414565227	1.39996758234773	0.710101231347728	-0.00106404465226717	-0.475209887652269
11705000000	-17.798922350632	-10.173056806632	-0.960606354632048	-1.82960777963205	-2.92120126563205	-2.09767620163205	1.23587170536796	0.71342153936795	-0.0293439146320509	-0.500730606632047
11837500000	-18.7907270527224	-10.7952190267224	-1.10612082572236	-1.87755986772236	-2.90902481272236	-2.28533514372236	1.13907140927764	0.738525509277636	-0.00192044272236558	-0.41392390872236
11970000000	-19.225253181942	-10.818902428942	-0.937396782942002	-1.730733582942	-2.96749278194201	-2.465231302942	1.04127474405799	0.672692807057999	0.027452567057999	-0.465693564942001
12102500000	-19.302842978648	-11.339756178648	-1.05671271464795	-1.67021970964795	-2.98398653564795	-2.89312597164795	0.967852501352048	0.634834685352047	0.103291555352051	-0.42376066264795
12235000000	-19.4932863451444	-11.3090575781444	-0.980693642144395	-1.77399322714439	-2.91544537314439	-4.17110354014439	0.764696467855607	0.730291813855608	0.161326169855606	-0.470487954144396
12367500000	-18.8698253842448	-11.6343615962448	-0.963564074244822	-1.90805752424482	-2.93333596824483	-3.41503514824483	0.700574476755179	0.658582760755174	0.0463907237551737	-0.500055177244825
12500000000	-19.1520070539596	-11.7431345359596	-1.14748360895959	-1.86349512995959	-2.99409330995959	-3.53574030095959	0.638995455040416	0.69593486004041	-0.0418187009595883	-0.518851219959586
12632500000	-18.9017889130716	-11.6040106120716	-1.00573995107164	-2.01126141307164	-2.88180560207164	-4.02992894307164	0.397659975928363	0.66577973392836	-0.142709610071641	-0.553719209071637
12765000000	-19.0629598089299	-12.3112616979299	-1.13739010592987	-1.98881583392988	-3.24235433492988	-4.32192054392988	0.274704837070125	0.575891307070123	-0.123436569929879	-0.72620375392988
12897500000	-19.8671176837831	-12.0339122987831	-1.26018490378306	-2.04389966978305	-3.20431690978305	-4.39898908178306	0.195346354216944	0.421942957216949	-0.125970991783056	-0.604229545783056
13030000000	-19.5485243895485	-12.9458537665485	-1.23835186054846	-2.01054933154846	-3.23818676354846	-4.86425413754846	-0.133383754548454	0.366703312451541	-0.157119741548456	-0.594004126548455
13162500000	-20.0106305171793	-13.1533673171793	-1.22548827717932	-2.00373990517932	-3.25551278617932	-6.21337801617933	-0.196574866179326	0.405841500820671	-0.102070036179327	-0.732858602179327
13295000000	-19.9750862886384	-13.2964948136384	-1.2565854676384	-2.0763755886384	-3.2735666026384	-5.34152864263839	-0.432465671638397	0.350158735361603	-0.128407399638398	-0.714850449638398
13427500000	-20.9488518195257	-13.6147365895257	-1.19714198352565	-2.15260317752566	-3.22200284352566	-5.53915965952566	-0.558086846525654	0.315094493474348	-0.185433065525658	-0.707193550525659
13560000000	-21.0671628150669	-14.1852541710669	-1.29609920906687	-2.12588865206687	-3.40062899206686	-6.08232192106686	-0.79611234606687	0.262466740933135	-0.203511017066866	-0.697788207066864
13692500000	-21.8771596517744	-14.6844520837744	-1.37281869677439	-2.02438542577439	-3.38668550077439	-6.26810674777439	-0.842658498774391	0.32640239222561	-0.211861589774387	-0.689387512774388
13825000000	-22.1425468591941	-14.4965903851941	-1.2792576261941	-1.9781240441941	-3.43718216119409	-6.5400421721941	-0.998746383194096	0.167645504805904	-0.252523591194098	-0.703195803194099
13957500000	-21.1009105372894	-15.0009459582894	-1.33636071328941	-2.13223590228941	-3.52026408628941	-6.80754372828941	-1.42352567128941	0.00278455371059039	-0.234939943289405	-0.799798413289409
14090000000	-21.8674145834311	-15.1277555004311	-1.30344813543108	-2.10620848943108	-3.50623134343108	-7.03833757743107	-1.59861634343108	0.0556027815689291	-0.281037220431074	-0.672430549431077
14222500000	-23.9117293211147	-15.8897671841147	-1.46570293411467	-2.26363090511467	-3.31042649411467	-7.67638246411467	-1.74830036011467	-0.105567761114663	-0.355757729114664	-0.754005890114669
14355000000	-22.9030825122175	-15.4772120882175	-1.45377923521755	-2.21674279021754	-3.42637921521755	-7.62560710721755	-2.09865363121754	-0.0891166902175513	-0.280340242217548	-0.696181437217547
14487500000	-24.6487388074776	-16.2927516654776	-1.36724113047762	-2.05160497947762	-3.64822964147761	-7.54737928847761	-2.16781049547762	-0.229748207477613	-0.363427147477616	-0.904403677477617
14620000000	-23.7213228032254	-16.9862895392254	-1.4638202312254	-2.2899534362254	-3.51989343022539	-8.25682009722539	-2.3757606602254	-0.501876742225399	-0.384682918225394	-0.787997906225399
14752500000	-23.8401699014104	-16.1886835844104	-1.47432490541037	-2.26344797241037	-3.78465745741037	-8.39934766541037	-2.67395810641037	-0.45076584841037	-0.361642395410371	-0.894386232410369
14885000000	-22.7696888193183	-16.5041084593183	-1.62820473331831	-2.29376517831832	-3.70738252031832	-8.69912276231832	-2.70674885431831	-0.502656004318318	-0.417197204318313	-1.01466086531831
15017500000	-22.6199036076889	-16.6475983726889	-1.53670262268891	-2.57767152268892	-3.57290215868891	-8.80178296768892	-3.06864847968892	-0.659090561688913	-0.619478435688912	-1.01430767768891
15150000000	-22.9283639428024	-17.2316082758024	-1.62840776680243	-2.48708692580243	-3.62199829780243	-9.00364793780243	-3.29153570280243	-0.762444820802429	-0.689208350802431	-1.07683350880243
15282500000	-24.7598965097741	-17.2698370977742	-1.67846658477415	-2.34564336577415	-3.74013944077415	-9.71101484377415	-3.65960436477415	-0.91243329377415	-0.722279913774152	-1.17546867477415
15415000000	-23.2900274140824	-17.4712496880824	-1.67494647208239	-2.4969284350824	-3.86008933608239	-9.44381449908239	-3.56304101308239	-1.07565433208239	-0.757924825082391	-1.20962597708239
15547500000	-21.4198017261027	-16.3262364121027	-1.70218953410274	-2.55621886310274	-3.81683285010274	-9.71524623410274	-3.81062153810274	-1.26636959610274	-0.794809268102746	-1.09673070710274
15680000000	-24.5990818043604	-16.9956660893604	-1.78562290536038	-2.66269838236038	-3.93457854136039	-10.0018879043604	-4.04589580136039	-1.63839041436039	-0.938644545360383	-1.22826877636039
15812500000	-22.6450690094001	-17.7915062604001	-1.76557823740013	-2.81785693240013	-4.01751579540013	-10.1535279474001	-4.37919207040013	-1.46117732240013	-0.819544378400131	-1.25416928440013
15945000000	-22.5690375016641	-17.1814022206641	-2.04298543266405	-2.87517428666406	-4.05454329666406	-9.86430801966406	-4.81585131066406	-1.45987442166405	-1.13586244866406	-1.29271959766405
16077500000	-23.3757862861758	-19.5386356141758	-1.93410392117582	-3.04297345217582	-4.47521098517582	-11.1586278301758	-5.00512949317582	-1.59037814917582	-1.14572747917582	-1.30211095517582
16210000000	-25.0301105972288	-17.7790512992288	-2.05000073622875	-2.87382453522875	-4.31834390122875	-10.8812768322288	-5.10582481022875	-2.04445349222875	-1.22639756322875	-1.40628616422875
16342500000	-26.8409413381653	-17.6456394101653	-2.12742004116532	-2.95148972016531	-4.35497050616532	-11.6322157931653	-5.43753725016531	-2.00666836116532	-1.28481132716531	-1.52572253616531
16475000000	-27.5479278906475	-18.4785744176475	-2.00654709264745	-2.66387426464745	-4.28605752964745	-11.7562695046475	-5.59478212564746	-2.09189514364746	-1.44216168264745	-1.42621733964745
16607500000	-25.9878594379451	-20.0870063869451	-1.90526524494508	-2.59765361994508	-4.31013259094508	-11.4961754979451	-5.83046983494508	-2.14452574094508	-1.46632310994508	-1.55589362794508
16740000000	-26.3587610691747	-19.0805327251747	-2.1113500981747	-2.8099097301747	-4.1725113971747	-11.9827507771747	-6.1731454561747	-2.6126003081747	-1.6043159191747	-1.6170542501747
16872500000	-27.9811067282269	-19.4382802542269	-1.80679525622686	-2.80156742522686	-4.12940662422686	-12.2824022222269	-6.44312173322686	-2.69785148322686	-1.51052646322686	-1.51048155322686
17005000000	-24.396001993186	-20.735407239186	-2.04841595518601	-2.874978877186	-4.262710797186	-12.467931398186	-6.061011687186	-2.82789716818601	-1.724493161186	-1.66320403218601
17137500000	-26.2661405780872	-20.3812395860872	-2.21685596608724	-2.94682566508725	-4.44867605708725	-12.0706708420872	-6.51614605708725	-3.04259940108724	-1.63265859108724	-1.60290059608725
17270000000	-29.7596674513064	-20.4119646143064	-2.15471199630638	-3.07152661730638	-4.83854614630637	-12.6199755583064	-6.63708554330637	-3.05389850330637	-1.91561835830638	-1.72677774830638
17402500000	-31.6090292534061	-22.493477578406	-2.29921582140606	-2.94413416140605	-4.23328702040606	-12.8103499564061	-6.81980847540606	-3.12117072340606	-1.98089738340606	-1.85352548440606
17535000000	-35.0711729068409	-21.1171766098409	-2.08954765184091	-3.03641035084091	-4.26545008684091	-13.0278706878409	-7.12680365484091	-3.45898812884091	-1.92070783884091	-1.90030389584091
17667500000	-26.2966991630391	-22.1922159540391	-2.37360560103908	-2.92271614603908	-4.58911491103908	-13.1743612840391	-7.08638097203908	-3.50038914903908	-2.03435611003908	-1.72285681603908
17800000000	-29.5885386568091	-23.6697023998091	-2.13704616480905	-3.01823079880905	-4.18204465580905	-12.517804826809	-7.52175374080905	-3.82585938880905	-1.85629565680905	-1.88452709680905
17932500000	-25.0367433911451	-20.6376364141451	-2.44575928714513	-3.19729857214513	-4.80398891414513	-13.9706567221451	-7.57824838914513	-3.87473597114513	-2.34865197914512	-2.16265292914512
18065000000	-27.3771671875743	-17.5881157765743	-2.50936084457429	-3.63148049257429	-5.10250556157429	-13.3952007955743	-7.98217367557429	-3.77895487157429	-2.30095751557429	-2.11409325157429
18197500000	-26.8758386289586	-20.8435398919586	-2.10145622495859	-3.76236396895859	-4.95412989495859	-15.6490049979586	-7.97083167195859	-4.37424941095859	-2.75466184395859	-2.26497909895859
18330000000	-30.358318845469	-18.778373583469	-2.82453362246904	-3.26816611746904	-4.64124540546904	-13.581866120469	-8.57110891946904	-4.30602777146904	-2.65274827546904	-2.32348985646905
18462500000	-24.7005366572077	-19.3383234842077	-2.77420749420772	-3.64323613320772	-4.85794865520771	-14.2955178472077	-8.66795248820772	-4.70233541120771	-2.64067142520771	-2.38539146720772
18595000000	-27.2884776319586	-20.3686000539586	-2.7215889159586	-3.7536694569586	-4.6640425129586	-15.8723568129586	-8.7551501769586	-4.8801626499586	-3.0387372929586	-2.5399174109586
18727500000	-28.041203115628	-22.641613999628	-2.869737738628	-3.610470355628	-5.163735145628	-15.516316062628	-9.50079011362801	-5.11514035562801	-3.054092618628	-2.65329310962801
18860000000	-24.675264368398	-21.132497541398	-3.06277088539799	-3.82567638239799	-5.20824963439799	-14.910474769398	-9.00070481339799	-4.86533553639799	-3.32207409439798	-2.78213369839798
18992500000	-31.6436131621629	-21.5832348131629	-3.32525345416288	-3.55590727816288	-5.26602530716288	-14.9928816841629	-9.47270950916288	-5.50957369716288	-3.45199568316288	-2.52869706116287
19125000000	-31.8605308077461	-21.1444375217461	-3.20998816374612	-3.88317895674611	-5.29195312474612	-16.1827833137461	-9.59977795474612	-5.56611740474612	-3.24218735874612	-2.74481174474612
19257500000	-35.7375355120534	-26.2585748680534	-3.16817252605338	-3.95922641305338	-5.46999727905338	-16.1027275030534	-9.56735909905338	-5.62102153905338	-3.50353079405338	-3.25532334505338
19390000000	-32.3475685872313	-23.8345771332313	-2.98654585523127	-4.23044946823127	-5.86232720923127	-16.4410722562313	-10.1426048282313	-5.53611746323127	-3.35774031723127	-2.90368097023127
19522500000	-33.3033565956917	-24.2979316326917	-3.51161788869174	-3.91433184269174	-5.52664968569174	-15.4016795636917	-10.1643345196917	-5.91755697669174	-3.97236735169174	-3.40816107769174
19655000000	-30.3324432833797	-25.3512063533798	-3.91675211537975	-4.07924229837975	-5.75978230837975	-17.4868379523798	-10.7879059913797	-6.50697451337975	-3.91051185737975	-3.08631831737975
19787500000	-28.2004793140041	-25.9881193500041	-3.04941258400407	-4.33038942800408	-5.92029161100407	-17.6110544830041	-10.7269877980041	-6.22704629300407	-4.04661696000407	-2.90874500200407
19920000000	-32.6176363341352	-22.4963629591352	-3.12858689613516	-4.23461506913517	-5.16159285313516	-18.9650918521352	-11.0508277541352	-6.70489246513517	-4.03693975913517	-3.36222093613517
20052500000	-28.8712567777305	-21.4586084847305	-3.69944982473054	-4.39381041873054	-5.74729638173054	-18.9777683047305	-10.7077341017305	-6.85128151873054	-4.51735716673054	-3.36351342173054
20185000000	-33.1555407248152	-22.5326063178153	-3.42461920281525	-4.31757790681525	-6.08560744981525	-17.4724908858153	-10.4909976638153	-7.05284138981525	-4.38123216581525	-3.37007567881525
20317500000	-22.0123058295378	-21.1297225185378	-3.07312284253784	-4.03205260453784	-5.55614774253784	-19.2972005775378	-10.9725461005378	-7.35476145053784	-4.07462433553784	-3.58134960153784
20450000000	-24.108078527616	-22.893159642616	-3.97681631361605	-4.76530824861605	-6.22973256161605	-17.350860978616	-11.749725782616	-7.21687985261605	-4.66996008961605	-3.65247386661605
20582500000	-32.6030354840094	-24.1494909040094	-3.92869883400942	-4.62196820600942	-6.27677220000943	-18.2989173370094	-11.7028055630094	-7.04009233300943	-4.64709296900942	-3.96793162300942
20715000000	-23.4326143070324	-25.8283809330324	-3.54266199403238	-4.64388027803238	-6.38285499703237	-17.4994694740324	-11.4605626350324	-7.23403200103238	-4.77511383703238	-3.92315208803238
20847500000	-24.7692470485678	-27.1726201125679	-4.20332763156785	-4.53546259356786	-6.55995441956785	-18.3297225875679	-12.4288279885679	-7.38741973656786	-5.93937802556786	-4.08571108356785
20980000000	-32.3974489517814	-23.6020687257814	-4.26891433478143	-5.10881864978143	-5.98951063078143	-17.8156992097814	-11.7662404137814	-7.70780364778143	-4.44809785678143	-4.91141110678143
21112500000	-29.0259144117267	-28.5637986047267	-4.79381895472668	-5.51163165372668	-6.25370799372669	-18.2271948397267	-12.5589262187267	-7.71118603072669	-5.29410751772669	-4.08030810672668
21245000000	-24.6943173618317	-22.4976800798317	-4.03415485183174	-5.42514045183174	-6.82100559483175	-17.7850409958317	-12.5892584448317	-8.44744832283174	-5.54258688283174	-4.91902187783175
21377500000	-42.3731931766365	-23.2831969666366	-5.10443964663654	-4.59616373563654	-6.70407347263654	-18.7410861546365	-13.4076062426365	-7.67196555463654	-5.54605364363655	-4.86410525963655
21510000000	-26.4861763857409	-24.3017677497409	-4.67059207874087	-5.39177354274086	-7.17203428374086	-16.6463235757409	-12.5020974347409	-8.99031242574087	-5.96192202274086	-4.92339363674086
21642500000	-37.2739516677115	-28.4687437447115	-4.8700902247115	-5.6502048127115	-7.74875453971151	-19.8167435667115	-14.1351131807115	-8.2309210297115	-5.7944519247115	-4.5615727827115
21775000000	-31.4375853734226	-24.8960016864226	-4.84670411142258	-5.65414574242258	-7.60920567942258	-18.8475157984226	-12.7740548954226	-9.05579808842258	-6.43183917242258	-5.23704262042258
21907500000	-40.7049808842476	-29.1816515982476	-5.11641068224759	-5.83420853124759	-7.1749787362476	-17.4184726832476	-13.9638865932476	-8.61294780124759	-6.56114527924759	-5.0555284962476
22040000000	-29.2153804157319	-33.2744539827319	-4.76270674373195	-5.99110306573194	-7.34093473373194	-21.8975994897319	-14.1179760587319	-9.63457714873194	-6.26684051673195	-5.59816895373194
22172500000	-36.4808235971075	-28.5630829211075	-5.16492259810753	-5.48205673610753	-6.80771189510753	-22.4311169921075	-14.0003953061075	-9.57811984910753	-6.39623506610753	-4.92023812110753
22305000000	-28.5085305509649	-23.5480951089649	-5.34523713296489	-5.93731277296489	-6.57013943996489	-23.0095013039649	-14.3179825719649	-9.38520464096489	-6.66044401996489	-5.29293682896489
22437500000	-28.7207289594014	-33.3856079974014	-4.8653560074014	-6.07902349540139	-6.70302685640139	-20.6061216934014	-13.4600817224014	-9.48281926640139	-6.4787636244014	-5.67521558040139
22570000000	-27.1635858091505	-23.7104814881505	-5.10784779215047	-6.04496975215047	-7.91174348315047	-18.0327253561505	-13.4049808401505	-9.65617804615047	-7.69411899415047	-5.73521784815047
22702500000	-36.116539404868	-24.425882580868	-4.97981957686802	-5.65065506386802	-6.87433723086802	-17.751093030868	-14.590981455868	-9.65882782486802	-6.87966484986801	-5.26521959686801
22835000000	-38.3845051683263	-29.4959302433263	-5.55758521732629	-6.08027317632629	-7.0500704523263	-20.0773965683263	-14.7492691093263	-10.1264497693263	-7.77982242732629	-5.65600038032629
22967500000	-35.5344923256457	-21.3489560146457	-5.6183196726457	-6.1027276736457	-7.21842693364571	-20.7830358096457	-13.3963065226457	-10.0248308536457	-7.37717966264571	-6.0752524556457
23100000000	-39.0268560303802	-26.7865006353802	-5.62314658738016	-6.47654794738016	-7.34519454138017	-19.8341708683802	-14.4311871073802	-10.0579691163802	-8.34000979338016	-6.11465709538016
23232500000	-37.5634557372537	-26.1113093522537	-5.88088558725374	-5.83112158725374	-7.60123575225374	-20.1831974842537	-14.7721709012537	-10.2727540132537	-7.56830043725374	-6.11097934825374
23365000000	-31.7991951089002	-24.4531183469002	-5.54346417490023	-6.66873745490023	-7.80897763390023	-20.5397192989002	-15.5215656659002	-9.90357611690023	-8.04981323490023	-6.16194843190024
23497500000	-31.7352527735406	-25.4202734475406	-6.10452877854058	-6.46442604154058	-7.93956426054058	-17.3084681595406	-15.2491321605406	-11.3015271265406	-7.34294542154058	-6.11420819154058
23630000000	-29.6130196703208	-24.5102562823208	-5.67729124832078	-6.00188124632078	-8.10593267132078	-18.2703785213208	-15.3092227063208	-10.7646553893208	-7.54140741132078	-6.14001843932078
23762500000	-27.0013748797189	-30.0259168347189	-6.36805176271891	-6.66170669871891	-8.37212737971891	-18.2372859127189	-14.5666090117189	-11.1230124607189	-8.22504978271891	-6.85500102471891
23895000000	-33.8795154388114	-26.6239258218114	-6.0622542948114	-6.8705956958114	-8.4029070218114	-19.9032388108114	-15.9026712238114	-11.3759602668114	-8.3430881828114	-6.6532224398114
24027500000	-28.2392402199135	-26.4043303949135	-6.26034316891345	-6.92975978491346	-8.44300313491345	-20.2280868129135	-16.6695599319135	-10.8019044919135	-8.84702935191346	-6.50699130791345
24160000000	-33.2071430207782	-36.9542523767782	-6.22161813977817	-6.93449543377817	-8.33960142477817	-20.3484138607782	-15.9850319007782	-12.2279725947782	-8.81426933777817	-7.26014675477817
24292500000	-33.0601573114306	-26.3574742394306	-6.82250915443058	-6.69411507843058	-8.81008203143059	-19.5390094004306	-16.0823394864306	-12.3448050364306	-8.99778721443059	-7.25077964043059
24425000000	-30.3619506051871	-29.1564030721871	-7.10406241718712	-7.71279658818712	-8.74015593418711	-21.5559389401871	-15.7543277891871	-11.8017772621871	-9.30419333618712	-7.49896708318712
24557500000	-35.8432051497976	-26.1502058237976	-6.65513388979758	-7.11732510979757	-9.22719504479758	-19.9846009437976	-15.6861808117976	-12.9652563587976	-9.11741842079757	-7.79205931779757
24690000000	-44.6730278191928	-33.1248199461928	-7.0091328141928	-7.3650691531928	-9.0035660661928	-24.0653762671928	-18.1894898301928	-12.4675190971928	-9.0022467591928	-7.6596974331928
24822500000	-30.7990562680348	-31.8291863970348	-7.23790534003483	-7.22098433703483	-9.22622074303483	-21.3167192430348	-17.1957761820348	-12.8575155020348	-9.39242613703482	-7.60978930503483
24955000000	-55.4368768331355	-25.2352772671355	-7.17566365413553	-7.72512641413553	-9.17856075413553	-27.9549880161355	-18.7433489781355	-11.7717731681355	-9.10407928713553	-7.50932208613553
25087500000	-41.5478898868866	-28.6061437278866	-7.18121185988657	-7.22015727588656	-8.84874810088657	-24.0709355108866	-17.5898258488866	-12.1524336678866	-9.95593496688657	-7.56042199188656
25220000000	-31.8222090520931	-25.7287592440931	-7.23804567309309	-7.91434672809309	-8.7384028930931	-21.1025505300931	-17.1080766400931	-12.2563315330931	-9.70313133409309	-8.08901280909309
25352500000	-36.823081450558	-29.508957828558	-7.434694926558	-7.205493761558	-9.71349298755799	-21.165593249558	-18.160879880558	-13.318587169558	-8.91019632155799	-7.70443283455799
25485000000	-39.6888049193981	-30.9494486953981	-7.02994927239808	-7.88878548839808	-9.70932005439808	-21.8202972463981	-17.4491107043981	-12.6522038613981	-9.98626048139808	-8.35348596239808
25617500000	-29.0046986458928	-37.6782846298928	-7.21326880589282	-7.68555087689283	-8.75721950089282	-24.0061561438928	-18.4462507508928	-13.6317760888928	-9.97001639389282	-8.49609363089282
25750000000	-39.0463566828205	-31.1079722978205	-7.17415785082054	-7.96200814782054	-8.92266457482054	-23.3061066728205	-18.0687604328205	-14.3009654778205	-10.1312541988205	-7.97419388282054
25882500000	-36.2931759264508	-30.5235365374508	-7.90445316045081	-8.57616503445081	-9.16411000245081	-22.7734510504508	-18.3281617744508	-13.1239022214508	-10.3975764334508	-9.15872536545081
26015000000	-30.5639132161353	-25.2245574801353	-8.2049726941353	-8.04205834413531	-9.57363767413531	-22.9017626271353	-18.2085141051353	-12.9663077931353	-9.5628640931353	-8.5168501571353
26147500000	-26.9085287356133	-28.0129129016133	-7.73442054661333	-7.90635439461333	-10.0422225466133	-22.7627684476133	-17.9719083986133	-13.3538279686133	-10.1717931666133	-8.77743651261333
26280000000	-33.2185378490515	-26.2488698050515	-8.1058898210515	-8.0028125610515	-9.8026407760515	-21.7243693950515	-18.1833325600515	-13.4283781850515	-10.3444815890515	-9.0297843340515
26412500000	-29.3120094647309	-25.1594831967309	-8.29524237773092	-8.80435081673091	-10.8918891007309	-19.8320063297309	-18.2748236697309	-13.4256151027309	-11.2249084567309	-9.43964461073092
26545000000	-32.7037546112614	-24.8635431502614	-8.57021658226144	-8.89090783826143	-10.2339183522614	-24.9837880892614	-17.8720000432614	-13.7806306352614	-11.1360143612614	-8.83207401926143
