Frequency	M6079_2_7_3_2_20C_1_5mA__17_5dBm_S2P	M6079_2_7_3_2_20C_1_5mA__17_5dBm_S2P_1	M6079_2_7_3_2_20C_2_1mA__17_5dBm_S2P	M6079_2_7_3_2_20C_2_1mA__17_5dBm_S2P_1	M6079_2_7_3_2_20C_2_9mA__17_5dBm_S2P	M6079_2_7_3_2_20C_2_9mA__17_5dBm_S2P_1	M6079_2_7_3_2_20C_3_8mA__17_5dBm_S2P	M6079_2_7_3_2_20C_3_8mA__17_5dBm_S2P_1	M6079_2_7_3_2_20C_4_8mA__17_5dBm_S2P	M6079_2_7_3_2_20C_4_8mA__17_5dBm_S2P_1	M6079_2_7_3_2_20C_6_0mA__17_5dBm_S2P	M6079_2_7_3_2_20C_6_0mA__17_5dBm_S2P_1	M6079_2_7_3_2_20C_7_4mA__17_5dBm_S2P	M6079_2_7_3_2_20C_7_4mA__17_5dBm_S2P_1	M6079_2_7_3_2_20C_9_0mA__17_5dBm_S2P	M6079_2_7_3_2_20C_9_0mA__17_5dBm_S2P_1
45000000	78.7349946717543	-0.739696419703655	70.2173441691515	-0.159879618303254	66.3810337755939	-0.139504715373178	62.9349172532728	-0.170775145312808	59.8071835591323	-0.0988918258007104	57.011493084614	-0.0611574125269834	54.4344233274436	-0.0295396814358943	52.3137139013811	-0.127385246925381
177500000	78.1615567120715	-2.74567429559582	70.3330513030141	-1.68505829255307	66.3183250679948	-1.42369079034141	62.9496697799672	-1.22313226704563	59.8982847853216	-1.06253147533735	56.9842658896899	-0.875910916818856	54.46191182591	-0.806781060682127	52.3407769999381	-0.726095986414692
310000000	78.2384214045462	-5.45508207696733	70.293431414902	-3.14084662405652	66.2940381978912	-2.67073251909836	62.9495491068607	-2.29118243616993	59.9004015184786	-1.99659693599161	57.0112868378422	-1.71021606940225	54.4767018023243	-1.52493220725239	52.3821069547272	-1.35726412026468
442500000	77.0330259206639	-6.6083690902624	70.1177557675017	-4.61139118725666	66.184209870741	-3.97584630437296	62.8742309410445	-3.43054379430835	59.8753638811834	-2.99430483772422	56.998562497671	-2.60097055778851	54.482132292571	-2.2845968550914	52.4124599978553	-2.04331003329251
575000000	75.9347135500318	-8.05748898033109	69.8748140416782	-6.17891014042666	65.989420857687	-5.33326073827625	62.7345249535294	-4.63341131461439	59.7638195790799	-4.05504827798184	56.9138759681091	-3.53492743703685	54.4355696336893	-3.12303938210295	52.3764297656182	-2.79299197824961
707500000	75.5779853916285	-9.97156108862974	69.4954254850238	-7.53039709728703	65.7007134005966	-6.49970623851441	62.502525213561	-5.65697609607356	59.5793461449881	-4.96725553220532	56.7606758176638	-4.33725180594728	54.3197195859425	-3.83711930738411	52.2839354397233	-3.42466705577777
840000000	74.6283584499529	-11.3048693119115	69.1323646635355	-9.02027859132573	65.4336391800459	-7.81063852469355	62.2940946347707	-6.82498579767634	59.4296332604883	-6.00351908672892	56.6771839006132	-5.25901022859246	54.2603315775063	-4.65705551711649	52.245150574736	-4.17711928039543
972500000	74.0857985318151	-12.9789705144957	68.7282625219569	-10.3938841502131	65.1262449718154	-9.02037265294775	62.0558232308438	-7.89495696380877	59.2473052153033	-6.95520971452864	56.5243234294245	-6.11926710860109	54.1440854864099	-5.43748800008724	52.1541846028699	-4.8872655829791
1105000000	73.354703107321	-14.6817198082478	68.1578098918991	-11.7629632938516	64.6505690083545	-10.2472540980145	61.6799071609129	-9.00723968335183	58.9386121073168	-7.94644143114233	56.2738521211076	-6.9994496480847	53.9376334420961	-6.22959931442817	51.9868323264947	-5.60350810457896
1237500000	72.6596985693689	-16.2639854761391	67.6016385596968	-13.0035960099127	64.2129646929321	-11.3439082408281	61.3291202631243	-9.98387086405187	58.652591464203	-8.82734875460094	56.0609730900214	-7.79377910023384	53.7622114047049	-6.94325151355473	51.8429727035278	-6.2675592551501
1370000000	71.6683828994483	-17.7008260105369	66.9192219164984	-14.2890097930384	63.6578504604032	-12.5108324524742	60.8731897706274	-11.0320050390183	58.2859643925244	-9.76792781737626	55.7529125868189	-8.64227786817004	53.5077805074773	-7.70935966991501	51.6304617197471	-6.9667766223677
1502500000	70.6484113939897	-18.5489642871834	66.2521019046435	-15.4508236274506	63.138396547291	-13.5533879243561	60.4522849963687	-11.9761524641474	57.9396313463838	-10.6251861563903	55.479554929842	-9.41376857029506	53.2897009784012	-8.40864460576509	51.4535355582097	-7.60353668777651
1635000000	69.9702645026933	-20.3812407270687	65.6848721646528	-16.6261571283338	62.666119547668	-14.6359794824649	60.0703979073349	-12.9574794637962	57.6406510752285	-11.5187330107753	55.250149235706	-10.2291045877982	53.1049957948128	-9.16123720854289	51.317023378982	-8.29893536556885
1767500000	68.8397746794853	-21.4888786495902	64.850359407511	-17.8210211215072	61.9750487884149	-15.7260901303388	59.51555766171	-13.9612703193939	57.1650938415198	-12.4449184848225	54.8583726229041	-11.067120874852	52.776147317964	-9.928052599567	51.0281164320708	-9.00509713146329
1900000000	67.8139422694545	-21.675111550512	64.1029200722788	-18.7736663130522	61.3901354288896	-16.5860673175361	59.044046616867	-14.7610116987887	56.7916475619599	-13.1680961303372	54.5464555021249	-11.7276375886992	52.5284892347671	-10.5209065311986	50.8213102985234	-9.56333302664149
2032500000	66.8751434930191	-22.6371794788963	63.3260920508332	-19.695894716673	60.7600350221045	-17.4485446564115	58.5065112747708	-15.5548856355259	56.3448771158441	-13.9120315942283	54.1867620630605	-12.4096852714115	52.2323624799601	-11.1620912978572	50.5765789096749	-10.141154016105
2165000000	65.9319904098097	-23.5635342201412	62.5815356876026	-20.8032837702172	60.1571797720981	-18.4721631689416	58.0243676575854	-16.5222742793409	55.9515075884298	-14.8056186141679	53.8741610782998	-13.2322573187383	51.974685035659	-11.9332035449967	50.3733740936228	-10.8598137435822
2297500000	64.6627748930312	-24.0444580103399	61.6964787331896	-21.640877962434	59.4256236889561	-19.2476909758112	57.4097465901901	-17.2488340724634	55.4368238473784	-15.4896915856827	53.4273531421494	-13.8755560766998	51.58435313419	-12.5073252154102	50.0401750891495	-11.4045111212387
2430000000	63.7043482513799	-24.7344612336783	60.971648089395	-22.3595576565582	58.789104206469	-19.9414648318545	56.9003355045261	-17.9257819976521	55.0163503555362	-16.116877951958	53.0822733219709	-14.4390899424484	51.2920006005772	-13.0762251575564	49.8224720457492	-11.9089163333776
2562500000	62.7627060859256	-25.6890224884534	60.1419445287904	-23.245936522426	58.1103362063161	-20.7987005781265	56.303002072821	-18.7217585746106	54.5175892026303	-16.8711649082844	52.6619706916559	-15.1762531606043	50.9492230848169	-13.7368991975554	49.4972952504523	-12.556767524769
2695000000	61.487804348934	-26.2028161854234	59.1080058971405	-23.845905172953	57.2508149010048	-21.3581938255536	55.5365289594176	-19.2621375445508	53.8653972985936	-17.403131832555	52.0779888137494	-15.6525441264715	50.4554386440836	-14.1905822292904	49.0530256326106	-12.9805749898229
2827500000	60.5859868146123	-26.657288386803	58.3340031234133	-24.2516218248719	56.5695526408087	-21.8001230541702	54.9604605553845	-19.6713860505284	53.3358185589501	-17.7917891343003	51.64152827672	-16.039266137569	50.0855336126522	-14.5350524274488	48.7353369879735	-13.3028873547495
2960000000	59.8545506561675	-27.4836937551558	57.5977581999643	-24.9222444236037	55.931929138503	-22.4409158603775	54.4303305055267	-20.3171714829363	52.8834648201665	-18.3927330119061	51.2791823927639	-16.6196130224763	49.7803844166405	-15.0829006801131	48.4827721282599	-13.8365597251039
3092500000	58.7158930705887	-28.2102333775391	56.5760792760747	-25.6011736850653	55.040949837948	-23.1346228959188	53.6407102954823	-20.9938065327554	52.2096065326201	-19.0642479443879	50.6819649947925	-17.2587873539806	49.2437105314663	-15.700788503635	48.0081062064502	-14.4178674380245
3225000000	57.5782809369291	-28.6054821004373	55.5769737457259	-25.9894963777349	54.1210091325521	-23.5011571267044	52.8197792084219	-21.3821856359764	51.4832609133864	-19.4458943067605	50.0277766057583	-17.6339038690415	48.6619328013666	-16.0633723493732	47.4889671497187	-14.7805638067465
3357500000	56.820164664688	-29.1927340076019	54.8654754203875	-26.3189298298753	53.5101158372752	-23.8628450549317	52.275011644931	-21.7383507461846	51.0002200218885	-19.8067696699334	49.6341348609515	-17.9604656466587	48.3214722531182	-16.3814795950899	47.1929573248908	-15.0614212615402
3490000000	55.7941265266409	-29.9040132581294	53.9732828480645	-26.9423450348822	52.7103103867123	-24.4757352982047	51.5743907991779	-22.3506408463985	50.3863329803687	-20.3947766414838	49.1126967797602	-18.5537652745444	47.8763904628759	-16.9356424062028	46.7835654712711	-15.6199978150582
3622500000	54.6065218938721	-30.4064933729535	52.9649211934177	-27.4249729103786	51.8057790584057	-24.9907490917013	50.766410585192	-22.8756858698273	49.6851408020172	-20.9228138191754	48.4683673690552	-19.0591363890172	47.286294020363	-17.4471374909729	46.2636412715401	-16.0985687047194
3755000000	53.451586927317	-30.9148691317556	52.0364529891177	-27.8112118906113	50.9660401993608	-25.394909893046	49.9961695255812	-23.292574383187	48.9951320573568	-21.3553740200782	47.8564002528983	-19.4912217999854	46.7506886743962	-17.8654263495827	45.783749566971	-16.5126998056111
3887500000	52.39449604924	-31.4062297882783	51.2004052943063	-28.1919624771271	50.1965458214208	-25.7826992051414	49.3079044620785	-23.6953323401821	48.3662914075454	-21.7682307663084	47.3158588809316	-19.8889056070609	46.2680413971471	-18.2635541433734	45.3452354396678	-16.9155593801817
4020000000	51.4687695523127	-31.6003084144408	50.4150515639128	-28.5083181140655	49.4850230478226	-26.1120037133964	48.6931494461919	-24.0401646168457	47.8200759047512	-22.1210547097835	46.8290040645661	-20.2559267188176	45.8330410571131	-18.6079056970802	44.957265726721	-17.2438972219668
4152500000	50.5094787169155	-32.0315381563367	49.6141968247276	-28.9620452578061	48.7506655320351	-26.5573216102954	48.0403632642294	-24.5128179251721	47.2362291717244	-22.5962791048616	46.3077801046815	-20.7329505932773	45.3830794055242	-19.0975522220312	44.5541436764779	-17.7215323830343
4285000000	49.4662944973501	-32.4261656532732	48.7135105154777	-29.3226390013822	47.9351992310525	-26.9348559578178	47.2731751915568	-24.9094529160012	46.538474522898	-22.9951547628742	45.6827573615615	-21.1546501494394	44.8161277432805	-19.5097178464182	44.0458221715817	-18.1421578957644
4417500000	48.5423802695287	-32.5609439437791	47.9049980199674	-29.5083915385856	47.1874007530529	-27.1352890462984	46.5851994222902	-25.1265593851767	45.9202827786787	-23.2402501204033	45.1269283052675	-21.3986628963043	44.3056862858177	-19.7652501173093	43.5739341747565	-18.3849430014342
4550000000	47.8403530694876	-32.9191462313922	47.2422158161255	-29.8303339409255	46.5994223039159	-27.4679213818525	46.0766205153113	-25.4826392466344	45.4647686569104	-23.6083208597615	44.7285483774306	-21.7761558273484	43.9559747673733	-20.1456003540497	43.2749040992947	-18.761613860786
4682500000	46.8199345855147	-33.5787512489102	46.4600996159444	-30.229829650519	45.8689571391979	-27.8443038798175	45.4062405538765	-25.8813453152745	44.8595145396076	-24.0217065887366	44.1856128114058	-22.2015374123477	43.4770428958796	-20.5734765789874	42.8454946300118	-19.1959097399123
4815000000	45.8097791400124	-33.9088568206695	45.5876449844986	-30.4040622088957	45.0741505825108	-28.032917180353	44.6643529272977	-26.0914742281278	44.1788010222483	-24.2619808751217	43.5637053949285	-22.4504296496985	42.9063020215342	-20.8339745355613	42.3164010268828	-19.4645550631608
4947500000	45.0825778306983	-34.2675727617603	44.9795909312914	-30.624999136995	44.5524971308231	-28.2596472924926	44.1910519491786	-26.3437177371609	43.7547361176772	-24.5328379993384	43.1877734944988	-22.7274925628855	42.5843847542398	-21.1260332173139	42.0225328528566	-19.7511678932138
5080000000	43.9218921068895	-34.9597983670029	44.3341511009901	-30.9798833940121	43.9768170089969	-28.6001675453643	43.6708608556441	-26.7049898806756	43.2859403636076	-24.9068823363789	42.7744884803056	-23.1158578742273	42.221931883516	-21.5141860223228	41.7021317322998	-20.14525385708
5212500000	42.7380792559365	-35.2336822792908	43.5275470803386	-31.1862310890585	43.2500158822142	-28.8306348602206	42.992945117422	-26.9627901140447	42.6566212446562	-25.187497484092	42.2043190928503	-23.4177151889384	41.69498700874	-21.8288797177392	41.2252834556377	-20.4636030890372
5345000000	42.0642196720218	-35.2801599664219	42.9175904456528	-31.2139418132296	42.6926484527581	-28.9037879687877	42.4788914024074	-27.0625005140865	42.1840360988025	-25.3102064652108	41.7725065456706	-23.5626372873787	41.2975251481921	-21.9761807692318	40.8688047778644	-20.6282136610774
5477500000	41.1236334399193	-35.5188638149731	42.4153698994519	-31.4458869260583	42.2710369261867	-29.1430347187354	42.0972908686232	-27.3255852927874	41.8448490197698	-25.586896367816	41.4798532906193	-23.8535773326047	41.0501943149315	-22.2755433940694	40.6523786657305	-20.9181034035816
5610000000	40.0004695840735	-35.6347472381143	41.7294503065191	-31.6854552062351	41.6566138896997	-29.4079343633194	41.5370747775015	-27.6014379957489	41.3363956074432	-25.8898305182785	41.0103518564991	-24.1623635877741	40.6311065504962	-22.6015290903443	40.2654062230483	-21.2579076560514
5742500000	39.2330257616923	-35.5428626442406	41.1009799839388	-31.634235957991	41.0663675383325	-29.420065824607	40.9803556062822	-27.6488228672499	40.8146960892018	-25.9577515919839	40.5342538600471	-24.2585527188953	40.1838931071141	-22.7125894548796	39.8566867577589	-21.3804395922534
5875000000	38.5712012014799	-35.4598694994127	40.6165463837843	-31.6180389845161	40.6220279624685	-29.4453706091913	40.5704644898559	-27.6945351279082	40.4365910879205	-26.0253168928046	40.1950826641382	-24.3507012497503	39.875661678607	-22.8152773065607	39.5750898029912	-21.4880776844111
6007500000	37.7158099269197	-35.3477955807085	40.132763660702	-31.7258411635371	40.1910571093734	-29.5697341826735	40.1699001982583	-27.8331183245159	40.0682686162099	-26.1798577305335	39.8654611381012	-24.5192337983013	39.5770621942437	-23.007029348975	39.3027910736938	-21.6823532507759
6140000000	36.8815509680673	-35.2395058061039	39.4854197682478	-31.8433463588515	39.5853571946743	-29.7285591541553	39.6138279189455	-28.0118874610789	39.5502875970945	-26.3892473090886	39.3812040409556	-24.74812386576	39.1362941801449	-23.2441642183753	38.8999446211552	-21.9416004697595
6272500000	36.1912720491252	-35.0859407218248	38.8355408767498	-31.7291125728821	38.9441058179146	-29.6771015354203	39.0085079474661	-27.9995718368081	38.9795073067505	-26.4068978491205	38.8449756434997	-24.7908068107901	38.6312102726071	-23.3118614603871	38.4327942426188	-22.0217059881611
6405000000	35.5116797763875	-34.6496947945947	38.3207087639804	-31.5587377771325	38.4627951156419	-29.5225451944609	38.5497013464734	-27.8693550688012	38.5440522797263	-26.3012833859045	38.4386169387739	-24.7033733466284	38.2541514452061	-23.2423018009135	38.082363452773	-21.9655763240581
6537500000	34.9178852174197	-34.4795862863817	37.8915448140954	-31.6884801960313	38.079249795473	-29.6703816487585	38.1947923574264	-28.0300824711966	38.2256404825311	-26.4744243570117	38.1515009227233	-24.898074688515	37.9950304144181	-23.4434927378525	37.8467080625186	-22.1796278398617
6670000000	34.2511047612065	-34.518337654975	37.2645589631489	-31.7929927862373	37.4565263950596	-29.8239926446396	37.600498983507	-28.2144921628448	37.6632101753183	-26.6942579491001	37.6320268608621	-25.1413543158677	37.5103382060136	-23.7072754723357	37.3943616133711	-22.4545552892812
6802500000	33.3905476176434	-34.0691767784403	36.4797475716455	-31.6589432948298	36.7152841203189	-29.7111005112646	36.8903339335148	-28.146658618222	36.9831607491036	-26.6563132329338	36.9717819842014	-25.1342134492551	36.8892499372845	-23.723963913723	36.799197691968	-22.4950896648787
6935000000	32.9128883799877	-33.4691542307296	36.0536411270908	-31.4809145687489	36.3260818692495	-29.5174999075273	36.5239253999845	-27.9678009616866	36.6339007128198	-26.5037891501263	36.6526901318043	-24.9979731402483	36.5879289058717	-23.6036049319289	36.5180552018329	-22.3893527648748
7067500000	32.4920598328515	-33.5350102723439	35.6707594072186	-31.6180288707133	35.9591189744853	-29.6713152876832	36.1828028037728	-28.1568871234905	36.3169157211791	-26.699138056027	36.3623222867078	-25.2155650678714	36.3297192698028	-23.8368721289955	36.280349467282	-22.6424755109611
7200000000	31.8366721681146	-33.5088495371913	35.0004868775903	-31.6551805804912	35.2993296161881	-29.752713012002	35.5508031336616	-28.2749609985034	35.7180361595979	-26.8608379447013	35.7965894019617	-25.3977743969334	35.7859280594466	-24.0477714162681	35.7623086485457	-22.8689872833767
7332500000	31.2003298305539	-32.980601632558	34.3273760395305	-31.4809016784149	34.6791100537576	-29.5693137773552	34.9504789382352	-28.1278411076117	35.1428948643397	-26.7407581762697	35.2369833457299	-25.3119676257302	35.2480929782504	-23.9863101430931	35.2480006031056	-22.8281104035352
7465000000	30.8326370509878	-32.7665055296751	33.93499688703	-31.43502000992	34.3109069230753	-29.5369478495284	34.6008222996453	-28.1101308847534	34.7997823151813	-26.7477020014803	34.926716271725	-25.3362326523334	34.9581144974948	-24.0324505112335	34.9861878821767	-22.8806239744728
7597500000	30.3341312199721	-32.8948518706079	33.4510640867082	-31.4895933085265	33.8207283754778	-29.6266350125218	34.1308498096885	-28.237087155219	34.3566207892723	-26.9070285013389	34.5008496787431	-25.5286019902475	34.5614231643294	-24.2383357966009	34.6062525534036	-23.1099651302057
7730000000	29.7498547884274	-32.5324801873543	32.7707838156603	-31.537655898564	33.218263666985	-29.6499524733471	33.5492452776684	-28.2914121686518	33.7991281751162	-26.9794853329261	33.9631935994503	-25.6241607736361	34.0507395758191	-24.3598744329053	34.1230800221228	-23.2575505803893
7862500000	29.3632005779571	-32.1745427030429	32.2404036469579	-31.5516923473162	32.7896271454329	-29.6085895638259	33.1418926690897	-28.2709499878776	33.4168616867074	-26.9842205902699	33.6004674986938	-25.650607520462	33.6997864384451	-24.4086680773923	33.792287821791	-23.3155226703471
7995000000	29.0047758762971	-32.2689146054675	31.9321263769662	-31.5358773708313	32.460251140447	-29.657240082918	32.8309151606464	-28.3435703875589	33.1124269779964	-27.0811450170141	33.3187412977208	-25.7769749740279	33.4439267915426	-24.5484429700964	33.5389418325514	-23.4689381912025
8127500000	28.4819674074771	-32.2565203610124	31.335802064181	-31.6885940486606	31.9124385875264	-29.8214428407433	32.2985364181583	-28.5521281078851	32.6000093175141	-27.3135193910805	32.8396675102726	-26.0232936014033	32.9894532725117	-24.8274510188915	33.1102103496672	-23.7653198416631
8260000000	28.106580888095	-31.8687359067446	30.7320693213429	-31.6345536796569	31.4426232734012	-29.717256516665	31.8496741966278	-28.4588405645286	32.1662754989266	-27.2458288117289	32.4150144238552	-25.9794384761137	32.5745650375008	-24.7902899294494	32.7229817782133	-23.7510689861671
8392500000	27.8090202216171	-31.8890311540792	30.4374423582869	-31.6777666951058	31.1532852754012	-29.7991223314563	31.5664241269519	-28.5563396733994	31.9117626028478	-27.3687920067343	32.1775996837116	-26.1251903284122	32.3645302165625	-24.9593595329157	32.5189364866182	-23.9332738650035
8525000000	27.4882087618755	-31.8939894418779	30.0668536815859	-31.7509806739308	30.8206166118661	-29.8948695301221	31.2513038367597	-28.6749983133431	31.6014261850037	-27.5025771805696	31.8888840015295	-26.2850281790301	32.0875615327814	-25.129166666694	32.2612262043972	-24.1221850884353
8657500000	27.1868688016638	-31.6904055054025	29.4750196910957	-31.8210964891611	30.4162819174377	-29.9443124316411	30.8602592616984	-28.7401260577651	31.2353678368784	-27.5917224064432	31.5344665601382	-26.3944217009344	31.7515242549291	-25.266723232802	31.9510986547484	-24.2666562683471
8790000000	26.858695598361	-31.6069714684898	29.017771947777	-31.8623085246414	30.0525644551014	-29.9961543352652	30.5102009916154	-28.8040071118221	30.8928165989342	-27.6766173661425	31.2111534884146	-26.4991571814196	31.4499343159116	-25.3811944210353	31.6583150913293	-24.4020674480139
8922500000	26.5997577610076	-31.5102264241565	28.774354015957	-31.7505731047455	29.7856207578641	-29.9402464862778	30.2555893588912	-28.7704531228272	30.6491089502658	-27.6550210214133	30.9667414912973	-26.4909579422331	31.2152448435676	-25.3953011647381	31.4389097800921	-24.4297977069607
9055000000	26.3645006629109	-31.3904229520095	28.300076401683	-31.7794078616798	29.4642114726968	-29.9918534098948	29.946863264289	-28.8438292195522	30.3495188463813	-27.7494283240863	30.6988195636735	-26.5940919132374	30.9587366964745	-25.5148215884971	31.2008779435371	-24.5599052686928
9187500000	26.1510681818322	-31.2596774523407	27.9247994704091	-31.7107807302129	29.1839801955392	-29.9612695407168	29.6804963796542	-28.8239383445121	30.0960222251959	-27.7446060344636	30.4524007186628	-26.6165815325549	30.7306627724086	-25.5477334888871	30.9778110149381	-24.609874646498
9320000000	25.7982218888897	-31.054808146548	27.5560610301844	-31.5224894161416	28.7888547522664	-29.81843789663	29.3037661471257	-28.7003899327618	29.725714195528	-27.6432453840927	30.0929359400906	-26.5423001275351	30.3830753575879	-25.4868666757942	30.6391658519969	-24.5636636170258
9452500000	25.581732963848	-30.8878026877967	27.183397245724	-31.4016102861063	28.5113862366757	-29.7574805294629	29.0333994021811	-28.6496207624894	29.4726054633694	-27.6159716289548	29.8372558602674	-26.5191869629801	30.1404340926631	-25.4890263557608	30.4027504482276	-24.5779334952582
9585000000	25.362838440021	-30.7287213279639	26.7097292475689	-31.2805799402747	28.2011531844677	-29.7244478880703	28.7352485475308	-28.6342125874625	29.1827327725822	-27.6143221415704	29.5698129743065	-26.5422376564554	29.8818378912838	-25.5205963025386	30.1634131591466	-24.6264563485713
9717500000	24.94886024001	-30.5740081503209	26.3097040271924	-31.1456121723864	27.7516905768414	-29.6414255544675	28.2904245088332	-28.5625036730682	28.7422955178718	-27.562564679275	29.1378542555073	-26.5192382450599	29.4590127811727	-25.519217490608	29.7576415481931	-24.6435460285284
9850000000	24.6856149395088	-30.2095889523723	25.8886694593364	-30.7910413796007	27.4070949086208	-29.3645576286038	27.9525004397853	-28.3105849795113	28.4142758647403	-27.3245769210209	28.8134291072551	-26.2974763251281	29.1464639718095	-25.3232016486993	29.4482410937819	-24.4582656526231
9982500000	24.5282173016332	-30.1179184271854	25.5534521609994	-30.681223797894	27.1624034372053	-29.374595900628	27.7284748788486	-28.3235707655406	28.1935521430018	-27.3542352443801	28.6064869196298	-26.3468908689416	28.9563436149807	-25.3811862134794	29.2556569510287	-24.533238381742
10115000000	24.2105097411641	-30.0143065115118	25.1965090994291	-30.5902512341826	26.7814958054351	-29.3441070294879	27.3623635817965	-28.3142149904308	27.8368558969842	-27.362766825988	28.2681014436554	-26.3644850752396	28.6218044051076	-25.4200117602378	28.9349873257826	-24.5858971793471
10247500000	23.875716623874	-29.7630388015198	24.787873434812	-30.3321669778085	26.3719860617643	-29.1621225952614	26.9651567792708	-28.1458870941448	27.445641748902	-27.2211914177584	27.8734705724906	-26.2453163890848	28.2404063849342	-25.3158647689766	28.5623257555885	-24.4989295634015
10380000000	23.6825076330406	-29.5324236545555	24.3928422327935	-30.0187329168212	26.0648577051087	-29.0211553231894	26.6743304297282	-28.0219957517933	27.1680052288056	-27.1023514881431	27.6058862941529	-26.1476516603397	27.9788770964563	-25.2422684888476	28.3046955994785	-24.4423020171861
10512500000	23.4038961438512	-29.3791096141363	24.1081114281223	-29.8842829960963	25.7405377783346	-28.911036678229	26.3667187096218	-27.9372961942114	26.8506765828069	-27.0381024116074	27.2966748132067	-26.1044495897714	27.6801739830048	-25.217584093449	28.017604651	-24.4325776105036
10645000000	23.1530082852653	-29.1837787007735	23.8382885832463	-29.7042698251072	25.4359864709716	-28.7662667829079	26.0684609557037	-27.8169604893199	26.5626891025598	-26.9246344487071	27.0105465466229	-25.9957847283835	27.3949219037879	-25.1358191102979	27.736784535382	-24.361225354821
10777500000	22.9235552785872	-29.0378081143417	23.4603869242334	-29.4858829782618	25.1116414146686	-28.6996001945554	25.7580348157781	-27.7517239978284	26.2726416859253	-26.8842399951786	26.7267052408592	-25.9851059393175	27.1162954663949	-25.1335902776618	27.461767590498	-24.3762918107724
10910000000	22.6308003959475	-28.8936386927648	23.090897317543	-29.2696542937837	24.7193220495211	-28.6064131254181	25.389999766845	-27.678298175435	25.9045429548935	-26.8248003707354	26.3634066948007	-25.9477571709499	26.7557667625655	-25.1102259488424	27.1187467808766	-24.3734087163319
11042500000	22.2798921096292	-28.6938049339759	22.7383141279967	-29.0857742877296	24.3149144870758	-28.4433115679689	24.9964435535777	-27.5458378160929	25.5085106574192	-26.7121915937613	25.9697214814321	-25.8505759985127	26.3810034577769	-25.041658980264	26.7381488229483	-24.3170417604251
11175000000	22.0583746919695	-28.5761532230507	22.4541259020553	-28.932612035734	24.0124473755554	-28.3696486607405	24.7058464488059	-27.5025432512266	25.2273975697174	-26.6903310475457	25.6964566156505	-25.8488325658201	26.1107946634949	-25.0489362830092	26.4793751743041	-24.338233515718
11307500000	21.8890494585842	-28.4771794945194	22.2207372711959	-28.7470489848098	23.7520723860726	-28.3204681826855	24.4633170219302	-27.4452845175866	24.9938858786489	-26.6579413370022	25.471316620477	-25.8247555867249	25.8846263079592	-25.0360320679712	26.2554585468792	-24.3404263805979
11440000000	21.6099634628023	-28.3310560347063	21.9289274928921	-28.6013325887846	23.4249122009788	-28.2005583178094	24.1400189757069	-27.3567731520261	24.6813212136071	-26.5858753016062	25.1545657251435	-25.7723158323098	25.5734827161159	-25.0058393570858	25.9525266882255	-24.3208024281072
11572500000	21.3530259812532	-28.3618292664433	21.6460914190508	-28.6057656340497	23.1145829138391	-28.2686342338056	23.8379572012539	-27.4504979451354	24.3849311259439	-26.7001568972059	24.8651743515094	-25.9008356997148	25.2981293161144	-25.1455344432749	25.6819790547262	-24.4768846715745
11705000000	21.1731467965193	-28.2230938029676	21.4320372824864	-28.406719060504	22.8512674336276	-28.1555423493543	23.6009482115437	-27.3582193447469	24.1452027411057	-26.6146241155175	24.6369264750572	-25.8343215512975	25.0663712843671	-25.0947735707436	25.4473425650655	-24.4367009735675
11837500000	20.9421898599483	-28.1574900195223	21.1810898042164	-28.3216308047796	22.5676161015898	-28.1130779933799	23.3239305134675	-27.3331923864479	23.8735255477367	-26.6130215440387	24.3658559329205	-25.8501412829494	24.8032387255083	-25.1253901975897	25.188133174289	-24.4826307989019
11970000000	20.8527590946911	-28.066026447753	21.08072133667	-28.2182797589238	22.4328218569961	-28.0364331499883	23.1985305534877	-27.2813787548768	23.7501291155235	-26.5706000881321	24.2474394227341	-25.8263032554952	24.6849499528074	-25.1024336183994	25.0728345675362	-24.4822784247484
12102500000	20.7536839883577	-28.0409156327315	20.9662640544431	-28.1423003544767	22.2609885529407	-28.0326435485254	23.0506729976493	-27.3057225641577	23.6128295989371	-26.6099641714774	24.1211257932581	-25.8643420938303	24.5608611031295	-25.1578655684951	24.9554968257395	-24.5412619088855
12235000000	20.529656539737	-27.9114412899848	20.7303309566941	-27.993523031353	21.9826205420063	-27.9231005534215	22.7776041958698	-27.2153712657197	23.344998883057	-26.5385820358847	23.8494939525214	-25.8099232876948	24.2933254296972	-25.1220138088304	24.6882097733699	-24.5104424827131
12367500000	20.449975792394	-27.8259501009191	20.6399162309652	-27.8979127662149	21.8673821800601	-27.8486672476736	22.6671401629963	-27.1461929053268	23.2446706451879	-26.4780030473076	23.7462824906104	-25.7658983422368	24.19786370029	-25.0833279117752	24.5965003480023	-24.49207081605
12500000000	20.3169766570065	-27.5768040842791	20.4869066789098	-27.6128954695582	21.6469603965728	-27.6239326043525	22.4713231263737	-26.9584782899074	23.0507103190445	-26.2883963013578	23.5567213258212	-25.5940812699848	24.0101099833639	-24.9262633242151	24.4123888949685	-24.3371095318225
12632500000	20.1471150991468	-27.5542666031978	20.3254746344958	-27.5573834873481	21.426586725717	-27.5984658255366	22.2678505511678	-26.9641524722221	22.8514078771148	-26.3174726774007	23.3620131388873	-25.6328880896542	23.8126875324051	-24.975457599662	24.2157338485726	-24.4045413331211
12765000000	20.0150382556448	-27.4270862738398	20.1901941646411	-27.4158514230751	21.2513190106421	-27.4756091652883	22.0990177532591	-26.8658383388594	22.6846233959585	-26.2323939153572	23.1940938132803	-25.5486482092621	23.6481706140114	-24.909094986507	24.0533707982866	-24.3460215488933
12897500000	19.9751502848704	-27.1995145571125	20.1477339848932	-27.1715935510251	21.1547910542983	-27.2498851836829	22.0125310943841	-26.6568456783908	22.5994104143849	-26.0357257491952	23.1098510094254	-25.3674954236745	23.5661480480482	-24.7356016056578	23.9693593654191	-24.182077306037
13030000000	19.8719364140121	-27.1469359424161	20.0518152446739	-27.0912582780558	21.0088337968009	-27.1901612164398	21.8688727674362	-26.635298410848	22.4676222669511	-26.0175671152102	22.9847550049242	-25.3698411934289	23.4383107112971	-24.7491634103235	23.849598664153	-24.2018338839595
13162500000	19.6441145516956	-27.0427521062444	19.8210440599544	-26.9765650638637	20.7251703954386	-27.0878741689827	21.5870514066077	-26.5508196180406	22.1870516501231	-25.9624824268004	22.70296807618	-25.3192481493129	23.1634874217908	-24.7166442601669	23.5779194222915	-24.1821268504417
13295000000	19.4923792992863	-26.9065626039275	19.6772864880883	-26.8278776083379	20.5474454551609	-26.9462019824316	21.402447126667	-26.438994755975	22.0010849122044	-25.8670167366323	22.5253270000866	-25.2326163114343	22.9771441499644	-24.6362133827621	23.3881465220348	-24.1103475133323
13427500000	19.3790317821434	-26.6578534441074	19.5614988734626	-26.5595220143339	20.3777633270106	-26.6802594337507	21.2377943723965	-26.2135740724305	21.8410135293896	-25.6410162483862	22.3580189687364	-25.0275344370936	22.8168734860574	-24.4442371454458	23.227531936411	-23.9271094175126
13560000000	19.4177639937659	-26.667789189608	19.6079760900831	-26.5545082960569	20.3911335987534	-26.6886347375469	21.2542873669044	-26.2403276291892	21.8570600985013	-25.6817042162148	22.3852400170625	-25.073993554688	22.8411104103427	-24.4987576890656	23.2557661480686	-23.9882306587979
13692500000	19.1930515292969	-26.641749103994	19.3858531486349	-26.5179000729247	20.1331532645595	-26.6521958262734	20.9903430100547	-26.2374616094093	21.603236174861	-25.6989933145153	22.1258163123693	-25.100047491568	22.5946078814506	-24.5392874021467	23.0113838952498	-24.0396080631498
13825000000	18.9932593411238	-26.4638299540802	19.1887574894598	-26.3329721594133	19.8821079829392	-26.4685460268865	20.7386436384183	-26.0830154555298	21.3519853904128	-25.5639963381776	21.8723355968062	-24.983132708293	22.3398636649424	-24.4213530348418	22.7479127805473	-23.9322009568678
13957500000	18.9122951851371	-26.2151734157412	19.1185274934944	-26.0736019866725	19.7759479089865	-26.194163093658	20.6189793551342	-25.8350124478763	21.2342728486001	-25.3253769725701	21.7608686921178	-24.7485227761636	22.2203857394439	-24.197095631314	22.635926110765	-23.7181261449279
14090000000	18.8767729997002	-26.1702909652456	19.0895975654726	-26.0182733653879	19.7211648599854	-26.1384574302309	20.5535045148554	-25.8056624879264	21.185290532381	-25.3068611228011	21.7051895989002	-24.7384001530777	22.1685313707781	-24.2011684155511	22.5821418080509	-23.7328325792713
14222500000	18.720160186664	-26.1759259585594	18.9327273933299	-26.0207274273473	19.5328408334296	-26.1308032757877	20.3585434757983	-25.8364787195892	20.9885844383817	-25.3650197516517	21.5169566206805	-24.807758545052	21.9799502864309	-24.2862546656199	22.387760515169	-23.8158673965469
14355000000	18.484306086712	-25.9390784251841	18.6989378774586	-25.7805868283029	19.271430867864	-25.8872912983305	20.0751038484921	-25.61003274104	20.6955815224286	-25.1479670714531	21.2250706022026	-24.6058435922347	21.68311801482	-24.0872170040758	22.1004727680527	-23.6361293978088
14487500000	18.4396738400656	-25.83646069587	18.659631690064	-25.6657881941064	19.2003543558323	-25.7606551283919	20.005851742935	-25.5184397192146	20.626109097933	-25.0538840563542	21.1521933014513	-24.52346720922	21.6020208384759	-24.0181955864297	22.0130097630415	-23.5773721726646
14620000000	18.3456076731202	-25.9134013754267	18.5743930342656	-25.7436412224874	19.0917806362501	-25.8326214191355	19.8805161985683	-25.6053327054973	20.5059932468261	-25.1647082191927	21.0333234200739	-24.6551825136396	21.4987390002815	-24.1570816376815	21.9044326057464	-23.7202923981403
14752500000	18.018401182503	-25.8639447302472	18.2470951975854	-25.6942937414028	18.7379757551812	-25.7721153970977	19.5147622195423	-25.5696392381576	20.131802947044	-25.1537999458109	20.649966993959	-24.6483771613696	21.1111681091683	-24.1653512611658	21.5282008018669	-23.7433515610133
14885000000	17.906814598927	-25.6993403398437	18.1492248685957	-25.5269688543197	18.6086406766049	-25.5933393007169	19.371312506079	-25.409608439477	19.9942516463701	-25.0004155926008	20.5191760479627	-24.4936553788104	20.9781435147854	-24.0255202410089	21.389563752308	-23.6153426029929
15017500000	17.9024957177802	-25.8558409956914	18.1430612176017	-25.6838270894968	18.599267102487	-25.7338377122877	19.3488763777434	-25.5775355969323	19.9748457676316	-25.1766663066467	20.501013779237	-24.6943852174056	20.9668714215763	-24.2244913654589	21.3832316762766	-23.8186050425514
15150000000	17.6502657667446	-26.0095910361773	17.9002364294337	-25.8365751191652	18.3391101326205	-25.8826190472328	19.0664109071619	-25.7403274890994	19.6909747478161	-25.3662827511291	20.2233595723381	-24.8971727285409	20.691658013721	-24.4440528937734	21.1033072498267	-24.0412287381174
15282500000	17.4557187070298	-25.9792818195567	17.7122697866601	-25.8132746130806	18.1349100279689	-25.8472659819494	18.8447479880239	-25.7297221009926	19.4705510692456	-25.3657355166322	20.000217721304	-24.905195207911	20.4606737885128	-24.4539586064443	20.8801681655264	-24.0647507157793
15415000000	17.3771255242865	-25.918989122012	17.6339447207116	-25.7424045658579	18.0377582747095	-25.7763696182497	18.7421596118092	-25.6646268699824	19.3635802635136	-25.3181144550347	19.8933343527379	-24.871267620138	20.3657387017926	-24.4319367290463	20.7786376818255	-24.0427735560357
15547500000	17.3288247211612	-25.9096298192247	17.5889174151186	-25.736529107843	17.982540539132	-25.7523063212251	18.6696666918168	-25.6679910608806	19.3027262855382	-25.3309689182124	19.8369114862645	-24.8913098360382	20.3081544179114	-24.4597527671902	20.7321338861566	-24.0822687595707
15680000000	17.3271728504055	-25.9895793774914	17.5955934008039	-25.8141941494507	17.9904247518294	-25.8261268432694	18.6591320645459	-25.75127700599	19.2851639217303	-25.4314902053503	19.8240575622891	-24.9957318940516	20.3024821761683	-24.5675758054285	20.7162714552537	-24.1906142294136
15812500000	17.202956374263	-26.0976503229094	17.4697951731896	-25.9232474275767	17.8591391786061	-25.9261769594425	18.5077305480972	-25.8593528365271	19.1304762037775	-25.5592114357045	19.6737200851792	-25.135747387081	20.1473529803014	-24.7194592370943	20.5688312577292	-24.3466294321952
15945000000	17.0101855202053	-25.8282359221471	17.2697112507403	-25.6456877079499	17.6563719034202	-25.643728390197	18.2792736578799	-25.5823172362706	18.8944120894883	-25.2928714145166	19.4335986751228	-24.8779933277801	19.9147593433439	-24.4652681954747	20.3264461444979	-24.1038766750033
16077500000	17.0401058468868	-25.7375652549861	17.3159920358351	-25.5555846230127	17.6826885768419	-25.5306188402425	18.3062673551708	-25.4832612210273	18.9175388340477	-25.1994052869018	19.4654675957878	-24.7946278963875	19.9379744604467	-24.3917308463973	20.3544285606501	-24.0306013377776
16210000000	17.0265867558135	-25.9132906828179	17.3078500335891	-25.7360535497863	17.6775616408587	-25.7041663075631	18.283999917266	-25.660798979476	18.8978287832763	-25.4005155329822	19.4404933954476	-24.9988768308938	19.9173478120668	-24.6014641888471	20.3419774094602	-24.2486886772094
16342500000	16.6337656534885	-25.8163375699837	16.909993828403	-25.6427069076109	17.2714680439784	-25.6080634786015	17.8544146350536	-25.5728767269524	18.4583699860692	-25.321711297196	19.0076111268519	-24.9255074102113	19.4715134372337	-24.5505446118853	19.8933142025922	-24.2082884454232
16475000000	16.573307258321	-25.4287901521426	16.8560211113033	-25.2578621643822	17.2197601440893	-25.2124237544902	17.7837009750291	-25.167800188887	18.3853459354993	-24.9279553540847	18.9319101021994	-24.5469951753053	19.3922086949403	-24.1696626213672	19.8197665096325	-23.8341302196745
16607500000	16.5836258473143	-25.5171803749667	16.8755430390645	-25.350033703791	17.2310208782656	-25.2975523875828	17.7882623202576	-25.2687629807401	18.3914302497638	-25.0399497935747	18.9325267438348	-24.6753154507129	19.4096996174434	-24.2973558534466	19.8238918868539	-23.9698425487591
16740000000	16.2868320889858	-25.6012606256072	16.589117996088	-25.4366926298567	16.9445798488128	-25.384033115938	17.4823817173721	-25.3559492577056	18.0728154354706	-25.1469158952207	18.6170085502199	-24.784703563048	19.0851872801747	-24.4322165102033	19.5082407376644	-24.097357277744
16872500000	16.0283861556163	-25.3017516520168	16.3228553180863	-25.1521534680419	16.6721061300842	-25.085858063421	17.1946516935361	-25.0677113518483	17.7847013860625	-24.8637501430871	18.3135796609203	-24.518969246401	18.781353385498	-24.1687667991413	19.2117964154327	-23.8375474046396
17005000000	16.0528042622859	-25.1394546270906	16.3476029313023	-24.9836956777828	16.7034631082166	-24.9180581759298	17.2134848140223	-24.9005903885219	17.7984414678264	-24.6995529110426	18.3299579895977	-24.3609408954968	18.805875000326	-24.0119999779752	19.2115811191624	-23.6955040924279
17137500000	16.0166259794628	-25.1296853473005	16.3187694487831	-24.9747109502644	16.6633956438712	-24.9017003167822	17.1657445892029	-24.8864369106733	17.7428299085624	-24.7015511603305	18.2767752645297	-24.3765426755399	18.7481490852314	-24.0416178527723	19.1710112558903	-23.7291109642813
17270000000	15.8753508090331	-25.0325120625886	16.1702930124531	-24.8831598230126	16.5221329954883	-24.8057235245489	17.0070748876719	-24.79553867965	17.5675780130713	-24.6296476425194	18.0974750726249	-24.3114663404434	18.5744109983487	-23.9785365415903	18.9843598010379	-23.6787751696245
17402500000	15.7732357776041	-24.9378986376023	16.0777430003379	-24.7900788008677	16.4261898532755	-24.7136024120014	16.9020313844307	-24.6994589001332	17.4546726024043	-24.5338316247452	17.9802324153199	-24.225919792095	18.4440974169794	-23.9086754315695	18.8641935096026	-23.608940199641
17535000000	15.634690929194	-24.7194029577367	15.931960462389	-24.5789598112958	16.2849432891504	-24.493395967492	16.7403319265841	-24.4764927829383	17.2906203823242	-24.3243675405817	17.8096726402812	-24.0188046613927	18.2666962853623	-23.7129227522701	18.690548492376	-23.4184196537008
17667500000	15.560878305506	-24.491905860505	15.8594760996502	-24.3523575720132	16.2052169610729	-24.2727171789532	16.6589590991593	-24.2519056015813	17.2032109340407	-24.1023124082775	17.7277500334421	-23.8090318537567	18.1824786629003	-23.5060817449236	18.5969831087151	-23.2110879469054
17800000000	15.5619016293198	-24.4838868669255	15.8633914576124	-24.3477862800439	16.2177417751965	-24.2614484173843	16.6591488756345	-24.254068865306	17.2025405602686	-24.1067977837115	17.7220861307851	-23.8186029424713	18.1742980034691	-23.5178195181853	18.5914856792489	-23.2340843498783
17932500000	15.2216716378589	-24.4510938804225	15.5218075208024	-24.3111408714997	15.8615218343392	-24.2295313826515	16.3070166946474	-24.2016277543784	16.8159679547577	-24.0815499654802	17.3299635609707	-23.8041198708841	17.7802916320342	-23.5094087319549	18.1938484109256	-23.2368330800135
18065000000	15.0105444748081	-24.0329662539449	15.3066574061638	-23.9005629516122	15.6488696134752	-23.8135284120461	16.0712880903986	-23.795927973147	16.5768879677117	-23.6692260330928	17.077823468221	-23.4007272464833	17.5259384212003	-23.1180593591904	17.9428925323607	-22.8554144672815
18197500000	15.0366973248379	-23.9425278606934	15.3300414595709	-23.8064099317018	15.6851676262863	-23.7304358397898	16.0985183375847	-23.7062006084899	16.6072305065451	-23.5859182795482	17.1051364129705	-23.3241081243863	17.5495610673453	-23.0468969498244	17.957971619791	-22.7783369165332
18330000000	14.8261405101187	-24.0770298547023	15.1332293951989	-23.958198723838	15.4798356872294	-23.8695369151944	15.8822916040941	-23.8507559282389	16.373362770648	-23.7345577255374	16.8697548498835	-23.4902625760674	17.3097813180493	-23.2150440977539	17.7238648818836	-22.9569513867778
18462500000	14.585524640551	-23.8932287310549	14.8797277450705	-23.7661404876336	15.2167468715429	-23.6825924078649	15.6161162177813	-23.6576728923193	16.1013616655628	-23.5568566086714	16.5959888245843	-23.3182062828322	17.0332044616313	-23.0623852638286	17.4389443787367	-22.8065123405384
18595000000	14.6039568619619	-23.7624912844881	14.907653479473	-23.6448841001074	15.2449756365613	-23.5627048875232	15.6227985304824	-23.5342354083009	16.1158366833086	-23.4379090580254	16.5987905458924	-23.209807912335	17.0352475085679	-22.9561746199989	17.4338049351184	-22.7073804925793
18727500000	14.603865498962	-23.9452246404248	14.8976499826439	-23.8329277065483	15.235034512591	-23.7420198653024	15.6304042080666	-23.720695803957	16.0970846929914	-23.6261855770744	16.5730707827816	-23.4088576478756	17.0105114119317	-23.1585688895496	17.4145849891638	-22.918421430834
18860000000	14.4439827899274	-24.0154766422925	14.7378054736541	-23.90714746179	15.0798586735438	-23.8282415531904	15.4604391771032	-23.8039306665088	15.9151603209891	-23.7067564916313	16.3934334322813	-23.4988249858747	16.8203641720946	-23.2464815499679	17.2289211973663	-23.0198877927027
18992500000	14.4665879084538	-23.9606111218314	14.758314679927	-23.8405815022421	15.0932637330141	-23.7714652074782	15.4743055945757	-23.7354348997472	15.9358716925947	-23.6510488518826	16.4120298013051	-23.4408755311456	16.8436148390108	-23.2035195097034	17.2413371959286	-22.974926097572
19125000000	14.4815452686906	-24.126515771398	14.7750296688326	-24.0157274858059	15.1221496973593	-23.9372030899901	15.4892495458373	-23.9055599327807	15.93985609806	-23.8225947188171	16.411271254672	-23.6186748696905	16.8453104566691	-23.3834617594135	17.2406483810658	-23.1717391805566
19257500000	14.3403264117783	-24.1872795546166	14.6308008956156	-24.0871940529614	14.971119482565	-24.0069282080629	15.338378089604	-23.9796785148615	15.7750271902233	-23.9044677963352	16.2497432730401	-23.7134008312932	16.6879203562425	-23.4737452708437	17.0835441109336	-23.2570542267947
19390000000	14.3660987695719	-24.1600060128133	14.6698378507951	-24.0575865003027	15.0036331788789	-23.9711426105249	15.3644475307839	-23.9397547868018	15.8163477551853	-23.8678777048331	16.2728082220177	-23.6697776754927	16.7065450984156	-23.4505482652408	17.1058633110562	-23.2374174854006
19522500000	14.3096422791733	-24.3466383463571	14.6020476249494	-24.2508338840646	14.9493985138434	-24.1737284702143	15.307792809048	-24.1420980472842	15.7503213096163	-24.0673838449963	16.2111771948225	-23.8824400288465	16.6452789851186	-23.6648933383901	17.0424734666862	-23.4463924714367
19655000000	14.1473567404619	-24.3279916950698	14.4441093887377	-24.2244006987462	14.7900942279581	-24.1500166570011	15.1535184302884	-24.1168032297209	15.5710250352143	-24.0505245581482	16.0413017648101	-23.8756718435809	16.4675277034624	-23.6625553152878	16.8704876733447	-23.4525612036506
19787500000	14.1218642561674	-24.2441483134231	14.4238027023186	-24.150980661302	14.7711052388351	-24.0738679334354	15.1256221026539	-24.0396295535604	15.5545481032984	-23.9732534129125	16.0080327588998	-23.7933311511967	16.4373650843887	-23.5841877016495	16.8386160670402	-23.3820392127853
19920000000	14.2011887857276	-24.3257372187558	14.5063502319636	-24.2346220662147	14.8605209289821	-24.1646121748692	15.2068384670373	-24.1168905568428	15.626224616077	-24.0533576000999	16.086624557494	-23.8859419797303	16.5260210810223	-23.6798365403724	16.9386511095817	-23.4815477658459
20052500000	14.0611055510212	-24.3473766639225	14.3512261456446	-24.2601697708273	14.70548963468	-24.180829977215	15.0559666764705	-24.151300179975	15.4815844439745	-24.0857781340301	15.9271787895523	-23.9175053881808	16.3634446078592	-23.7323063425524	16.7651501928781	-23.5397893985515
20185000000	14.0202902235043	-24.1299226288952	14.3178680095051	-24.0377294773742	14.6587274281542	-23.9636928219271	15.0041468907973	-23.9253916024285	15.4207720274852	-23.8672712162912	15.8764550410995	-23.7077750512994	16.3036056858998	-23.5136146952401	16.689951223204	-23.3162740869795
20317500000	14.1359665888751	-24.1782299941378	14.4149911842082	-24.097341463985	14.764121003369	-24.0217124399828	15.1209487012829	-23.9805578868695	15.5311897251698	-23.934105321823	15.9783036581082	-23.7550706294788	16.3967022110968	-23.5765408616682	16.8207172240325	-23.3971174209988
20450000000	13.9371123091907	-24.1574734231886	14.2386845726394	-24.0564798517832	14.5786310569267	-23.9923077008136	14.9357281080312	-23.9458857118	15.3378683280358	-23.8979375971177	15.7892164792412	-23.7451491617259	16.2114881186281	-23.5563652629149	16.6104961868349	-23.3609262058961
20582500000	13.9461147414097	-23.772597730559	14.2444463799555	-23.6942355472142	14.5884274457795	-23.6300004983516	14.9338595819214	-23.5784842367154	15.334827231178	-23.5188014466319	15.7891748737909	-23.3719219695354	16.2096558632572	-23.1943697622899	16.6074937134318	-23.0089934995667
20715000000	14.0922521817734	-23.7970943459403	14.3855174429165	-23.7033632567939	14.7454026661086	-23.6469918055078	15.0873504802443	-23.6030970817992	15.4855126580955	-23.5448131913229	15.930234876352	-23.3885773926307	16.3456302600748	-23.2085321989558	16.7545744951342	-23.0355329391728
20847500000	13.8454568425127	-23.8130970844531	14.1245109137498	-23.7552100563478	14.4861806472176	-23.6737828818359	14.8326212823201	-23.6369310204877	15.2197206342726	-23.5884876545455	15.6555537664453	-23.4335282142689	16.0759667797563	-23.2688643666664	16.4737280681856	-23.084734012455
20980000000	13.661947177943	-23.19896389294	13.9587185457853	-23.123552992134	14.3075428148915	-23.0634299029156	14.6385675797004	-23.0137781953451	15.0206915744053	-22.9621367494561	15.4495523641641	-22.8196290953508	15.8694698527667	-22.6457071242464	16.2528133457498	-22.4806203582982
21112500000	13.8406706271316	-23.0154724859186	14.1286180524336	-22.9411991134822	14.4930028116754	-22.8759705525111	14.8203357759586	-22.8350752605037	15.1966065721491	-22.7669650073832	15.6270158261647	-22.6360405311113	16.0383181697292	-22.4567253077953	16.4358186562265	-22.2983899450208
21245000000	13.7066042991567	-23.2090192454273	13.9913762172056	-23.1461326353308	14.3473145490134	-23.0767848400352	14.6814453241262	-23.0385475895012	15.0757613546178	-22.9991297321557	15.485064578632	-22.8515819316328	15.8968495531363	-22.7009169020827	16.2891730961645	-22.5179465763993
21377500000	13.2302559623807	-22.831079204243	13.5154239778111	-22.7794592262482	13.8468606097395	-22.7072564945009	14.1994387152181	-22.6804297732935	14.5537058249987	-22.6149284826227	14.9716303248714	-22.4791671638862	15.3724928112258	-22.3304134173258	15.7745493645232	-22.1777553051052
21510000000	13.3187850653152	-22.4614906352426	13.6080368575907	-22.3849612566538	13.9480683154555	-22.3391507905374	14.2841174414853	-22.2886266084795	14.6470581092659	-22.2341038006167	15.0367799807376	-22.1017779225256	15.4500575682398	-21.9582503335459	15.8446790022285	-21.7874845499742
21642500000	13.2037475043233	-22.4504313114059	13.4802846285576	-22.387969426856	13.8194837514721	-22.3323199234216	14.1507794612982	-22.2902740186576	14.5138882953617	-22.2357555694489	14.9096463805127	-22.1172972079437	15.3031169088453	-21.9671413288313	15.6903732249661	-21.8241657107615
21775000000	13.0126939562583	-22.3297112682692	13.3098518637768	-22.2677215611998	13.6392763380498	-22.2225790427958	13.9686098608959	-22.1813431442196	14.3216046859139	-22.1367203464068	14.7066421766034	-22.0186927933314	15.1024609143402	-21.8685081344756	15.4837568876755	-21.7245379561204
21907500000	12.8543858718271	-22.2819361141291	13.1292256623551	-22.2386423517856	13.4597952301514	-22.1760724348813	13.7788361826718	-22.1471100977231	14.1329809633017	-22.0956707419019	14.5065580039357	-21.9686646565926	14.9068937355726	-21.8283507914654	15.2719366684857	-21.6839256569214
22040000000	12.7159567825483	-22.2011515329648	12.9793875242466	-22.1453722136406	13.314436829716	-22.0947293425876	13.6269192522686	-22.0652395546445	13.9818115633324	-22.0104696881597	14.3671056483607	-21.8925321581678	14.7440573805472	-21.7666866910128	15.1172929254748	-21.6322463290808
22172500000	12.6545721957482	-22.1740405795094	12.9202091998873	-22.1257580136157	13.2498083448531	-22.0713872113965	13.5746543518956	-22.0354923397957	13.9115193629488	-21.9927843800668	14.2874626297824	-21.8943475143928	14.6701082076301	-21.7641495011757	15.0369206675245	-21.6330966817602
22305000000	12.5998333255196	-22.2649933365659	12.8859579607286	-22.2289055298612	13.2093376054982	-22.1748590977186	13.5263117727597	-22.1478457133845	13.8530274573769	-22.108089201965	14.221851467821	-21.9930045462157	14.5906355340908	-21.869622290041	14.9650652832187	-21.7431056158352
22437500000	12.3912452382553	-22.4555882972447	12.671227628024	-22.4122270989396	13.0064975093333	-22.3773888561541	13.3135157429984	-22.3421434291297	13.6544731306776	-22.2958980583372	14.0089058122686	-22.176561933066	14.3753675245967	-22.0792075445953	14.7496470478886	-21.9627070648167
22570000000	12.2743915488836	-22.3573763312216	12.5351992485169	-22.3165092499232	12.8487165323556	-22.2738456518815	13.1595429131184	-22.2445950600968	13.4912059784485	-22.2019719343839	13.8483333182713	-22.1061688217712	14.2165455426426	-21.9906675343381	14.5888428665829	-21.8789720296596
22702500000	12.4662125725533	-22.4513163275755	12.7439762857964	-22.4088532441376	13.0710753317559	-22.3682659606441	13.3736321054241	-22.3366475677053	13.7087144588371	-22.2947480102474	14.0659145085274	-22.2027264328394	14.4348680642595	-22.0914086013437	14.8094456731051	-21.9797565396946
22835000000	12.3701582434117	-22.8744902204062	12.6467842625699	-22.8444259546655	12.9665391911668	-22.8171574301432	13.2795934269633	-22.782365348216	13.6160727126862	-22.7424117012858	13.9753248223284	-22.6615151515529	14.3420672328949	-22.551500193864	14.7161183412865	-22.4389873041944
22967500000	12.0474924142273	-22.8834163102699	12.3063448302528	-22.8415831567958	12.6302175753389	-22.8198651507424	12.9390460228642	-22.7924483262822	13.264294000162	-22.7553921291209	13.6168964786661	-22.6666336840924	13.9738042271703	-22.5672588798507	14.3426750088627	-22.4586004836219
23100000000	12.2400285831263	-22.710068541306	12.5036733111556	-22.6697400512632	12.8204196383	-22.6406615820379	13.1271483713394	-22.6102932411913	13.4545198211103	-22.5736349989122	13.8013838848388	-22.4877393248868	14.1643099336111	-22.3854553144982	14.5376800131572	-22.2814754044706
23232500000	12.4645379827147	-23.0968141486869	12.7263948054044	-23.0577871172337	13.0556899819312	-23.0226013364789	13.3726597791296	-22.9929080325728	13.6909707462887	-22.9587960745429	14.0542158616843	-22.8847756179791	14.4194835849279	-22.7797028188195	14.7959268394493	-22.6790058678277
23365000000	12.2466285277442	-23.3979847242954	12.5118624256974	-23.3741543907867	12.831106075776	-23.3453769288256	13.1321662831033	-23.3244808777618	13.4677461709613	-23.2838271526029	13.8199603156579	-23.2050833676338	14.1799987752348	-23.1029252550859	14.551532756838	-23.0103544315179
23497500000	12.1885067071524	-23.0624159282291	12.4537253179596	-23.0199412727584	12.777389260681	-22.9955505660998	13.0849573024624	-22.9771264489511	13.4012791394009	-22.93910747198	13.7568042881437	-22.8570845289648	14.1245745885277	-22.757162921537	14.4894097023394	-22.6621602024961
23630000000	12.4606512312069	-23.0347405020583	12.7300804238415	-22.9965793875678	13.0564450571011	-22.9747248917216	13.3599145914205	-22.9497623664466	13.6958373416543	-22.9156224396863	14.0485980127938	-22.8336807663603	14.4135523794173	-22.7382994040178	14.7920353979176	-22.6400515959679
23762500000	12.4835534316514	-23.354949264789	12.7482791650909	-23.3281908831515	13.0776186320735	-23.3032541205239	13.3905161923627	-23.2822504912101	13.7107530092508	-23.2455117998011	14.0835233010942	-23.1648106572644	14.4385410123616	-23.0760074818453	14.8214282647198	-22.9852266396213
23895000000	12.2463218515173	-23.1477121368386	12.5049432619274	-23.1225186948306	12.8364616244762	-23.101177656733	13.1459746986677	-23.0843198383651	13.4678925093437	-23.0544395673134	13.8124710305889	-22.9702436416997	14.1722263056504	-22.8789908020402	14.53400622766	-22.7878071030973
24027500000	12.4082134604807	-22.7814494142078	12.6715485125127	-22.7642450031774	12.9943526021604	-22.7387971887268	13.3107626266677	-22.7185852236174	13.6371367747411	-22.6759659846856	13.9868392092911	-22.6003306519881	14.3535312459312	-22.5052965288479	14.7119725263674	-22.4083899997807
24160000000	12.6089655981866	-22.7313248437325	12.8781189066523	-22.6991304864872	13.2069261661812	-22.6777038164499	13.527202309018	-22.6588846576818	13.844571363268	-22.6178755166566	14.2018856360796	-22.5408838760309	14.5604178049208	-22.4471189761515	14.9378322365668	-22.35292177131
24292500000	12.5997364590393	-22.9023426068897	12.8732992349155	-22.8710897754831	13.1974442107984	-22.8468332017571	13.5208839294858	-22.8362041236733	13.8346245279642	-22.7931728526858	14.1850671704608	-22.7252107633294	14.5504800419274	-22.6269718578154	14.9261843685497	-22.5461665805218
24425000000	12.2459171451506	-22.5822085912281	12.5210721315554	-22.5666418862823	12.841253652252	-22.5449356687255	13.1518385600435	-22.5347251943433	13.4698021041977	-22.497771889614	13.8188550164869	-22.4202747118273	14.1744867067889	-22.3215912213946	14.5415388032121	-22.2465563187599
24557500000	12.2321372454684	-21.9875097285601	12.491404293671	-21.9718208082873	12.8082616873049	-21.9513135268724	13.1231984163084	-21.9353046355725	13.4417633620154	-21.9012616090239	13.7729220661654	-21.8075307483606	14.1381800380792	-21.7142917754877	14.5001931641053	-21.6248197950491
24690000000	12.5768048673474	-21.8197201603477	12.8405045827057	-21.789919313956	13.1624184387306	-21.7763394871403	13.4785701095564	-21.7513020586189	13.7951535036831	-21.7152432636816	14.1288319205326	-21.6262445639469	14.4851509420961	-21.5392493039996	14.8539934239752	-21.4672678594733
24822500000	12.3355656088166	-22.1519441900867	12.6061961019436	-22.1331910474282	12.9148171154343	-22.1162106548509	13.2281988122015	-22.1084416339618	13.5487025687082	-22.0739619837589	13.8872548595701	-21.9932877968108	14.2429748762983	-21.9071173488726	14.603449710714	-21.8329786822456
24955000000	11.7452494036615	-21.8282427672596	12.0072985189652	-21.8149653736612	12.3096646667853	-21.8059222190528	12.6237228713211	-21.7961658467647	12.9334431640674	-21.7581366707642	13.258787647641	-21.6759974199478	13.5986757808061	-21.5912125055879	13.9623911013136	-21.51815391122
25087500000	11.8845365281979	-21.0299347720092	12.1417983980896	-21.0168595930835	12.4426582296653	-20.9938978085723	12.7570547497576	-20.9838285209627	13.0607143804508	-20.9456783657767	13.3775061548617	-20.8674576227918	13.7257265444337	-20.7666574671285	14.0715407245398	-20.7027395666796
25220000000	12.3126187763183	-21.269428560353	12.5746310476214	-21.2600731148394	12.8865988964481	-21.2434466045065	13.1898238506211	-21.2339235312719	13.496888160224	-21.1977669000454	13.8290120806629	-21.1227541167431	14.1716814910139	-21.0425993995833	14.5234349236323	-20.9688696664473
25352500000	11.6338840178962	-21.7769144843452	11.8895981311365	-21.7744614896339	12.1995123241241	-21.7673113290254	12.5009311225126	-21.7484609843545	12.79715384339	-21.7283286408457	13.1161202319758	-21.6565263937967	13.4577780209743	-21.5851736483665	13.7952478442611	-21.5260887466824
25485000000	11.0707586187416	-20.9881418510254	11.3319182300381	-20.979964251155	11.6325926723472	-20.9762304226572	11.9282427738033	-20.9664897437696	12.2173930949402	-20.9414479784546	12.520295118962	-20.8557847298076	12.845676009633	-20.7872050470069	13.178852810269	-20.7353259395375
25617500000	11.7127825561711	-20.5188677380326	11.9579665277563	-20.51183259346	12.2537270225785	-20.5019355188808	12.5466870573404	-20.490412074071	12.8411613060455	-20.4598819859498	13.15529792954	-20.3775539683008	13.475619423571	-20.2965578509992	13.8075635303585	-20.233133968019
25750000000	11.8485504295445	-21.4386862930994	12.1026294587517	-21.429687832214	12.403237104204	-21.4294823294807	12.6978561759242	-21.4208688224469	12.9909159866496	-21.395396511733	13.3052733904982	-21.3189507354035	13.637589764378	-21.258094101539	13.9803256599353	-21.1973820008
25882500000	10.854444163343	-21.6819668369686	11.0918139529646	-21.6757962059124	11.3876468177407	-21.6849466096951	11.6659421920102	-21.6788521533595	11.9571023617536	-21.6584960727658	12.2474158064579	-21.5939063496269	12.5753689498302	-21.5392069011317	12.9084669888746	-21.4869100641161
26015000000	10.6691796640106	-20.8371356632978	10.8981454780898	-20.8299166123373	11.1867533324973	-20.8290583440764	11.4610599186464	-20.8185646585373	11.7432521559586	-20.8017429475169	12.0357658632276	-20.7286357144435	12.339168761414	-20.6601655855519	12.677977124535	-20.6149848348786
26147500000	11.5457464270597	-21.1264485498064	11.7903674948488	-21.1168597177702	12.0851773792566	-21.1198535967497	12.3786972997807	-21.1074350414932	12.6669217027165	-21.0897716891281	12.9703025353077	-21.012514911353	13.2916365660716	-20.9491369868173	13.6186198105716	-20.9046781805187
26280000000	11.3077892069619	-22.1199104973961	11.5496271392402	-22.1173983588353	11.8429251698274	-22.126161846241	12.1284725096642	-22.12578533247	12.4214734685657	-22.109752013613	12.7287189340932	-22.0476052923998	13.0534847045364	-21.9904012115248	13.3845923690576	-21.9506963371287
26412500000	10.5265124066674	-22.2543539671372	10.7620001567683	-22.2503513780401	11.0552381940104	-22.2609574030044	11.3342580395093	-22.2584839165872	11.6177071945027	-22.2586615581855	11.91819877471	-22.1965420536151	12.2267133808613	-22.1441361501778	12.5506466084193	-22.114231308458
26545000000	10.6126758888715	-21.7087369492283	10.848191984326	-21.7097524476235	11.1360188360742	-21.715014464396	11.415413390875	-21.7123629224733	11.6940292886179	-21.698046055326	11.9993535389583	-21.6349649055974	12.304771543562	-21.5800234063463	12.6242173331211	-21.5451025778014
