f	h(f)
0.045	0
0.1775	0
0.31	0
0.4425	0
0.54455	0
0.677230867346939	-0.024533105657888
0.809911734693877	-0.0337066984882108
0.942592602040816	-0.0428521455200701
1.07527346938776	-0.0454639902600504
1.20795433673469	-0.0543490506077919
1.34063520408163	-0.0819072860777761
1.47331607142857	-0.095357023521312
1.60599693877551	-0.107456717635934
1.73867780612245	-0.116487863617868
1.87135867346939	-0.128502356731262
2.00403954081633	-0.135442858335768
2.13672040816327	-0.149249946685691
2.2694012755102	-0.165536118830417
2.40208214285714	-0.191004574707237
2.53476301020408	-0.21967037241497
2.66744387755102	-0.236645832906555
2.80012474489796	-0.281663865630905
2.9328056122449	-0.297638790276964
3.06548647959184	-0.332810535154905
3.19816734693878	-0.357751235404722
3.33084821428572	-0.385082217464289
3.46352908163265	-0.400713943872342
3.59620994897959	-0.415496263024069
3.72889081632653	-0.421608820789323
3.86157168367347	-0.445040193354632
3.99425255102041	-0.467649996098121
4.12693341836735	-0.487056350282397
4.25961428571429	-0.526539163012426
4.39229515306123	-0.549512000871805
4.52497602040816	-0.568944121385165
4.6576568877551	-0.579017339231227
4.79033775510204	-0.581727931063059
4.92301862244898	-0.569274511139413
5.05569948979592	-0.561513742186335
5.18838035714286	-0.533354324892402
5.3210612244898	-0.488597218684775
5.45374209183674	-0.447917646955729
5.58642295918368	-0.394646322394644
5.71910382653061	-0.354053366063742
5.85178469387755	-0.334072694911543
5.98446556122449	-0.3168580400824
6.11714642857143	-0.322307572410885
6.24982729591837	-0.334665831573518
6.38250816326531	-0.351574849047408
6.51518903061225	-0.364036207840322
6.64786989795919	-0.404596591943362
6.78055076530613	-0.410041063396445
6.91323163265306	-0.440175265802693
7.0459125	-0.467301369622661
7.17859336734694	-0.477721140637186
7.31127423469388	-0.512309027070078
7.44395510204082	-0.521540129744934
7.57663596938776	-0.532742539258394
7.7093168367347	-0.554535196134481
7.84199770408164	-0.574413151779867
7.97467857142857	-0.57211216942391
8.10735943877551	-0.578583511986094
8.24004030612245	-0.578969178619329
8.37272117346939	-0.57249960703429
8.50540204081633	-0.573059509515298
8.63808290816326	-0.56089493586963
8.7707637755102	-0.55301817562684
8.90344464285714	-0.556092247644308
9.03612551020408	-0.531766833009096
9.16880637755102	-0.529647659079702
9.30148724489795	-0.539919596572425
9.43416811224489	-0.541867932092148
9.56684897959183	-0.547793694805733
9.69952984693877	-0.550144675145795
9.83221071428571	-0.546625149362998
9.96489158163264	-0.55605095695963
10.0975724489796	-0.556714031179899
10.2302533163265	-0.554793842269062
10.3629341836735	-0.558308547075837
10.4956150510204	-0.561561158322898
10.6282959183673	-0.563886458247933
10.7609767857143	-0.567546989660694
10.8936576530612	-0.568623156533125
11.0263385204081	-0.583446397118016
11.1590193877551	-0.583703104596382
11.291700255102	-0.598027285298605
11.424381122449	-0.599863145594503
11.5570619897959	-0.605411435347732
11.6897428571428	-0.603564018367958
11.8224237244898	-0.609606159277637
11.9551045918367	-0.609246234057997
12.0877854591837	-0.616731150352051
12.2204663265306	-0.619327831855608
12.3531471938775	-0.61961380575518
12.4858280612245	-0.619056207040418
12.6185089285714	-0.617263829928365
12.7511897959183	-0.610025708070122
12.8838706632653	-0.61478557121695
13.0165515306122	-0.610280977451545
13.1492323979592	-0.615144070820676
13.2819132653061	-0.608485247361607
13.414594132653	-0.603121098474344
13.547275	-0.592193547933137
13.6799558673469	-0.597618050225616
13.8126367346938	-0.583599501805908
13.9453176020408	-0.591807119710598
14.0779984693877	-0.588190686568932
14.2106793367347	-0.588243264885336
14.3433602040816	-0.587338499782457
14.4760410714285	-0.582541918522387
14.6087219387755	-0.585947937774606
14.7414028061224	-0.587847921589636
14.8740836734693	-0.588742247681688
15.0067645408163	-0.59538917831109
15.1394454081632	-0.576576759197571
15.2721262755102	-0.587548131225853
15.4048071428571	-0.583770125917613
15.537488010204	-0.587849960897259
15.670168877551	-0.581439830639615
15.8028497448979	-0.581792970599874
15.9355306122449	-0.568131487335944
16.0682114795918	-0.575298946824187
16.2008923469387	-0.567899114771253
16.3335732142857	-0.574701452834689
16.4662540816326	-0.582073195352552
16.5989349489795	-0.584503668054921
16.7316158163265	-0.579750613825304
16.8642966836734	-0.573454078773142
16.9969775510204	-0.568853317813994
17.1296584183673	-0.577711211912757
17.2623392857142	-0.574171070693627
17.3950201530612	-0.574177353593948
17.5277010204081	-0.576863946159093
17.660381887755	-0.576647408960926
17.793062755102	-0.56592941919095
17.9257436224489	-0.557553610854872
18.0584244897959	-0.558175893425714
18.1911053571428	-0.561297392041408
18.3237862244897	-0.55943923553096
18.4564670918367	-0.550795587792284
18.5891479591836	-0.5434326870414
18.7218288265306	-0.531742871371999
18.8545096938775	-0.51983910360202
18.9871905612244	-0.498533598837131
19.1198714285714	-0.48309221225389
19.2525522959183	-0.463371203946624
19.3852331632652	-0.44323157476873
19.5179140306122	-0.418421727308264
19.6505948979591	-0.400825245620251
19.7832757653061	-0.378642099995926
19.915956632653	-0.357745385864837
20.0486374999999	-0.338807088269463
20.1813183673469	-0.310490489184753
20.3139992346938	-0.309347272462165
20.4466801020407	-0.295176948383956
20.5793609693877	-0.286972023990579
20.7120418367346	-0.275879988967626
20.8447227040816	-0.265685799432149
20.9774035714285	-0.266654649218576
21.1100844387754	-0.264955444273321
21.2427653061224	-0.25976519216826
21.3754461734693	-0.266182096363456
21.5081270408162	-0.27843784825914
21.6408079081632	-0.2865090402885
21.7734887755101	-0.297740407577425
21.9061696428571	-0.303137794752411
22.038850510204	-0.318651335268057
22.1715313775509	-0.334266681892472
22.3042122448979	-0.346524334035109
22.4368931122448	-0.368627643598608
22.5695739795918	-0.389129017849531
22.7022548469387	-0.391808015131987
22.8349357142856	-0.38832005967371
22.9676165816326	-0.382834167354295
23.1002974489795	-0.38363035061984
23.2329783163264	-0.379565779746268
23.3656591836734	-0.366454918099769
23.4983400510203	-0.374365081459425
23.6310209183673	-0.381437003679226
23.7637017857142	-0.385113193281093
23.8963826530611	-0.4043106181886
24.0290635204081	-0.392484436086547
24.161744387755	-0.407489256221832
24.2944252551019	-0.400120987569417
24.4271061224489	-0.411655338812882
24.5597869897958	-0.426132610202432
24.6924678571428	-0.439387031807199
24.8251487244897	-0.440639132965174
24.9578295918366	-0.432060322864476
25.0905104591836	-0.420670635113437
25.2231913265305	-0.413839502906913
25.3558721938774	-0.402430807442011
25.4885530612244	-0.423665651601925
25.6212339285713	-0.433251292107181
25.7539147959183	-0.440632560179461
25.8865956632652	-0.457236109549192
26.0192765306121	-0.429192949864699
26.1519573979591	-0.435800293386668
26.284638265306	-0.471143479948499
26.417319132653	-0.466619582269088
26.55	-0.526431031738565
