Frequency	M6079_2_7_3_2_20C_1_5mA__17_5dBm_S2P	M6079_2_7_3_2_20C_2_1mA__17_5dBm_S2P	M6079_2_7_3_2_20C_2_9mA__17_5dBm_S2P	M6079_2_7_3_2_20C_3_8mA__17_5dBm_S2P	M6079_2_7_3_2_20C_4_8mA__17_5dBm_S2P	M6079_2_7_3_2_20C_6_0mA__17_5dBm_S2P	M6079_2_7_3_2_20C_7_4mA__17_5dBm_S2P	M6079_2_7_3_2_20C_9_0mA__17_5dBm_S2P
45000000	-2.868001571	0.447421347999999	1.914259386	-0.03035809	0.464628334000004	1.515179146	-0.123472937999999	-2.361199407
177500000	-1.567525465	-0.145184983999997	-0.455491029000001	-0.122710536	-0.394292301999997	-0.919294137999998	-0.963263185000002	-2.042572402
310000000	-2.317639496	-0.421905783999996	-0.362297845000001	-0.338742994999997	-0.536965737999999	-0.321987497000002	-1.027619547	-2.341745686
442500000	-0.729391776999996	0.57458767	0.633680441000003	0.550320145000001	0.777517772000003	0.510313453999999	-0.196084583999998	-1.001567384
575000000	-0.854482378	-0.127191095000001	0.112930879000004	0.268488783999999	0.0447954260000003	-0.181431603999997	-0.597678103999996	-1.647840452
707500000	-1.33996153034211	-0.23873782634211	0.0245331056578877	-0.0449797873421147	-0.039617669342114	-0.18990721734211	-0.733376501342114	-1.82739612634211
840000000	-1.28841122951179	-0.330715248511787	-0.166026577511786	-0.00408742551179131	-0.132539940511791	-0.29021036351179	-0.965790811511788	-1.88121540651179
972500000	-1.35914341247992	-0.329051199479927	-0.12159223347993	-0.188405970479927	-0.15319011747993	-0.308827315479924	-0.949663375479929	-2.06519207847992
1105000000	-1.38416057573995	-0.441813171739945	-0.320275621739945	-0.220313502739948	-0.217333345739945	-0.458419645739944	-1.16081382973994	-1.98554562673995
1237500000	-1.55850051839221	-0.494973416392206	-0.298860638392206	-0.262337776392208	-0.230145821392206	-0.596894249392207	-0.93518311639221	-2.21578093439221
1370000000	-1.52755273992222	-0.502806184922221	-0.332804787922221	-0.248837246922221	-0.247706530922223	-0.45637351292222	-0.990966687922217	-2.09627419692222
1502500000	-1.20239836047869	-0.472489471478688	-0.333407127478687	-0.268722340478689	-0.27938241447869	-0.540955884478691	-1.16230746947869	-2.25416585147869
1635000000	-1.48591660036406	-0.539606769364063	-0.354826999364064	-0.293742058364067	-0.313282426364069	-0.507561857364067	-1.17438677236407	-2.24227983136407
1767500000	-1.39200088038213	-0.523543211382126	-0.346791384382129	-0.258978430382129	-0.366977201382127	-0.442808293382129	-1.14707150338213	-2.03573668638213
1900000000	-0.830967431268739	-0.555643946268738	-0.479798922268742	-0.29487759026874	-0.381109587268739	-0.57055036426874	-1.13163123426874	-2.48251975926874
2032500000	-0.888632493664232	-0.510302502664231	-0.450233635664233	-0.346347807664237	-0.408792047664235	-0.662046476664237	-1.02421045666424	-2.31787664866423
2165000000	-0.692063120314309	-0.569151809314306	-0.574456957314304	-0.433472354314304	-0.360220173314303	-0.629978353314307	-1.19338856131431	-2.3775816443143
2297500000	-0.47310541016958	-0.661980466169581	-0.488006797169582	-0.340408972169584	-0.390413212169584	-0.63287155916958	-1.01371781016958	-2.25981853616958
2430000000	-0.526649893292763	-0.536377445292764	-0.507684131292763	-0.484021262292764	-0.49416332329276	-0.62344601629276	-1.20728009729277	-2.39068528429276
2562500000	-0.416835603585035	-0.585349836585031	-0.662393691585031	-0.50529097058503	-0.470776354585034	-0.881523782585035	-1.44972947558503	-2.45258488158503
2695000000	-0.323845852093449	-0.830562168093444	-0.609857381093448	-0.457830391093445	-0.651731297093448	-0.738380745093444	-1.56981240609345	-2.45810190109344
2827500000	-0.275930072369093	-0.693265718369098	-0.558345690369094	-0.537120850369092	-0.662341061369098	-0.962491688369099	-1.47981967536909	-2.8080324893691
2960000000	-0.178056593723035	-0.631149363723033	-0.667454812723037	-0.603263077723035	-0.899381536723034	-0.919782632723035	-1.85749424372304	-3.03142028372304
3092500000	0.00238307015490591	-0.516301967845095	-0.589576346845092	-0.496609964845092	-0.592717518845092	-1.0745405358451	-1.60020696684509	-2.7108966728451
3225000000	-0.0532296325952757	-0.642076826595279	-0.676733545595276	-0.688402972595277	-1.00423236359528	-1.02439099259528	-1.93664467459528	-3.34061637159528
3357500000	-0.0609526465357106	-0.705116623535709	-0.663443061535709	-0.648233100535712	-0.786972326535711	-1.17469480653571	-1.76762063653571	-2.65718710553571
3490000000	0.0737799578723397	-0.414193515127657	-0.569259473127659	-0.726094853127663	-0.618713389127656	-1.08978677612766	-1.54728466812766	-2.81335908312766
3622500000	0.213396904024066	-0.308271637975935	-0.440092402975935	-0.521211051975932	-0.722931103975931	-1.09009938397593	-1.77294822497593	-3.29477438797593
3755000000	0.123502672789321	-0.274528262210673	-0.572398398210673	-0.416813950210674	-0.641073488210672	-0.955836107210679	-1.43548930021068	-2.67647403221068
3887500000	0.174887040354626	-0.19125718764537	-0.394421744645371	-0.520406582645371	-0.544110266645369	-0.883361604645373	-1.52770846964537	-2.87260107464537
4020000000	0.264669858098117	-0.20610656290188	-0.288587459901883	-0.58498683590188	-0.620195366901882	-0.87334356090188	-1.45246283890188	-2.62281096190188
4152500000	0.189797778282397	-0.154247517717607	-0.403474608717602	-0.331114767717608	-0.408266204717606	-0.610063097717607	-1.17421357471761	-2.35943666271761
4285000000	0.18243106801242	-0.102038157987579	-0.25949111998758	-0.36790761298758	-0.447607322987579	-0.694438690987575	-1.31798279398758	-2.09947166698758
4417500000	0.27118813787181	-0.0213939061281891	-0.372399492128189	-0.52566251912819	-0.65444979412819	-0.765771457128189	-1.24887609612819	-2.43215000612819
4550000000	0.474607869385167	-0.0902496966148334	-0.380642370614837	-0.416631693614832	-0.721153481614834	-0.853126675614831	-1.46058749161483	-2.56121513261483
4682500000	0.41112431423123	-0.0886933607687723	-0.380472061768771	-0.562726343768773	-0.606612871768768	-0.72363693476877	-1.28024212076877	-2.38636660176877
4815000000	0.565087047063059	-0.0288598169369436	-0.444710669936946	-0.631025141936945	-0.580668007936943	-0.870248751936941	-1.23079788793694	-2.52445068193694
4947500000	0.669428931139414	0.0415288541394148	-0.320212120860589	-0.449322746860588	-0.642524498860588	-0.711773086860589	-1.28191079686059	-2.38894104386059
5080000000	0.550035181186338	0.140604827186337	-0.200217822813663	-0.314797815813662	-0.447746571813667	-0.529481162813667	-1.11391891681367	-2.24290551381367
5212500000	0.3919170598924	0.265008357892398	-0.179683161107597	-0.257125872107601	-0.324206902107598	-0.552915887107602	-0.988787042107596	-2.1647277611076
5345000000	0.739184100684774	0.290122559684775	-0.149787608315222	-0.329467835315228	-0.234979979315227	-0.576530301315223	-0.977002388315228	-2.15134285031522
5477500000	0.502602769955729	0.372428968955731	-0.123072152044266	-0.215839232044267	-0.201921461044272	-0.422856983044269	-1.02503754204427	-2.09932968804427
5610000000	0.000174042394640139	0.34572589839464	-0.115993813605357	-0.199012867605354	-0.27812383860536	-0.406036165605357	-0.914786238605359	-1.88136933160536
5742500000	0.233054648063742	0.311111968063749	-0.0702280499362544	-0.269278546936256	-0.347393388936254	-0.550156272936256	-0.875442814936257	-2.17912960593625
5875000000	0.336592624911539	0.472044835911539	-0.0609043850884561	-0.345319806088462	-0.305392431088457	-0.53292468708846	-1.06277872208846	-2.20163348408846
6007500000	-0.0671463979175968	0.5264594620824	-0.0855322269176	-0.267205166917599	-0.2424740899176	-0.5132756179176	-0.946484314917598	-2.2453026239176
6140000000	-0.185163067589116	0.512908387410889	-0.158886780589114	-0.298342735589117	-0.442018078589115	-0.622379753589115	-1.06574709658911	-2.12107861458912
6272500000	0.222793152573516	0.670573835573521	-0.131594526426483	-0.349655701426485	-0.431133547426484	-0.571588227426481	-1.15050797342649	-2.21757292042648
6405000000	-0.0595490039525899	0.725881054047413	-0.12632516095259	-0.36056761995259	-0.418273292952591	-0.61691709095259	-1.20115281195259	-2.17297365695259
6537500000	-0.45573279615968	0.72888776984032	-0.110570657159677	-0.368034090159675	-0.536437789159677	-0.619399631159681	-1.13668283315968	-2.20552826215967
6670000000	0.0630264679433594	0.841162894943359	-0.162629404056638	-0.372198864056642	-0.412252035056639	-0.712551978056638	-1.12595641705664	-2.35137957005664
6802500000	-0.450864344603559	0.924715152396445	-0.119710912603558	-0.346619064603559	-0.521168740603557	-0.782747051603558	-1.27403937260356	-2.14099393260356
6935000000	-1.1513152141973	0.958000817802692	-0.122446100197308	-0.532990148197307	-0.574973273197308	-0.863601122197309	-1.21448605019731	-2.23867294519731
7067500000	-0.72428364137734	1.10037515162266	-0.0811326703773361	-0.512758733377339	-0.602474728377338	-0.855390352377341	-1.27932752737734	-2.27867738537734
7200000000	-0.250648291362815	1.27304355963719	-0.0881030423628104	-0.443980719362813	-0.566689536362816	-0.918255006362813	-1.25546838136281	-2.27183402536281
7332500000	-0.899654910929918	1.32197593307009	-0.0366492759299177	-0.535909296929916	-0.595917581929918	-0.817462715929921	-1.31829233392992	-2.19401129992992
7465000000	-1.04970225725506	1.50310508874494	-0.0591683772550624	-0.580683633255063	-0.557215464255066	-0.935112989255067	-1.40048708125506	-2.36691595525507
7597500000	-0.0278905297416046	1.56748205425839	0.010159816258394	-0.476955865741608	-0.658222693741607	-0.974700216741603	-1.33737785174161	-2.4865383467416
7730000000	-1.01679478686552	1.63235118113448	0.00149135513448329	-0.603961745865519	-0.623885113865519	-0.945538223865519	-1.42679789486552	-2.65788591886552
7862500000	-1.72418742522014	1.76970888377986	0.0275364447798623	-0.482981232220133	-0.782468098220136	-0.942084587220137	-1.40318246522013	-2.44421361622013
7995000000	-0.925538876576091	1.93769522742391	0.0109483194239104	-0.393726097576092	-0.498961177576092	-1.01279132457609	-1.58120282957609	-2.39375350457609
8127500000	-0.882443337013903	2.0162049439861	0.116301079986094	-0.430572628013906	-0.613085756013902	-0.963033275013906	-1.5299711090139	-2.4783741060139
8260000000	-1.76703829638067	2.13263230361933	0.110982458619333	-0.47181736638067	-0.605120503380668	-0.942955252380671	-1.52263075838066	-2.46157317838067
8392500000	-1.39715054896571	2.23882293103429	0.175871175034288	-0.36794111896571	-0.664234157965709	-0.910123327965714	-1.41128705696571	-2.48531339296571
8525000000	-1.1455470584847	2.33483787651529	0.291992472515297	-0.364432230484702	-0.494608643484703	-0.9271941224847	-1.5341066304847	-2.5629378514847
8657500000	-2.13772248113037	2.37355632586964	0.34798911186963	-0.311178218130372	-0.586357055130371	-1.08075434713037	-1.51972529613037	-2.56253983913037
8790000000	-2.15805585137316	2.49001308362684	0.37237720562684	-0.33690064837316	-0.522004393373159	-0.89460661237316	-1.52473641137316	-2.49946661137316
8922500000	-1.90496995935569	2.57344213164431	0.50218753564431	-0.200641687355692	-0.593730166355691	-0.85099790335569	-1.53768746735569	-2.73849560235569
9055000000	-2.4149280869909	2.47168925800909	0.454524942009094	-0.262982486990907	-0.553001899990903	-1.0022287379909	-1.66385483699091	-2.5144349039909
9187500000	-2.6405229379203	2.5550856020797	0.577075172079702	-0.228233666920296	-0.526843534920296	-1.0726906609203	-1.6505074039203	-2.5842652669203
9320000000	-2.39451362842757	2.64361116757242	0.649686449572428	-0.0722899934275745	-0.679827405427574	-0.949322398427576	-1.71843796042757	-2.67222328742758
9452500000	-2.60410098690785	2.61945179509215	0.667839430092144	-0.0597194259078506	-0.591865021907857	-1.11624222790785	-1.60999664690785	-2.51396209990785
9585000000	-3.33112644919427	2.40768325480573	0.794601083805738	-0.0636015401942629	-0.445953482194263	-1.05279310019426	-1.60824213919427	-2.61861872119427
9717500000	-3.0140521468542	2.63981849814579	0.778099287145793	0.0513469881457951	-0.635933421854205	-0.879300816854204	-1.64556798785421	-2.8090231018542
9850000000	-3.15152985863701	2.615974847363	0.888812965362995	0.100805324362995	-0.474104425637002	-1.131495407637	-1.80562712863701	-2.82749795963701
9982500000	-3.78557071704037	2.35835141595963	1.01179105495963	0.0305066699596281	-0.573226044040368	-1.20258172004037	-1.70087511304037	-2.84304014104037
10115000000	-3.8999017118201	2.4323035141799	0.9821231241799	0.00259048517990124	-0.603637558820097	-1.0482134198201	-1.8255717088201	-2.8807096168201
10247500000	-3.94583735373094	2.38724168326907	1.08186218626906	-0.0686706637309342	-0.553932705730936	-1.15718343473094	-1.76029948173093	-2.82272559273093
10380000000	-4.69224814292416	1.96886129907584	1.18288243107584	0.0609971620758429	-0.551308744924157	-1.22882185592416	-1.97379714092416	-3.04903591492416
10512500000	-4.5982088996771	2.1076717143229	1.2330482993229	0.112675633322894	-0.511013625677101	-1.1973560976771	-1.8294395066771	-2.7453447576771
10645000000	-4.64640742275206	2.20527791224794	1.21854754124794	-0.0545342357520653	-0.545144061752062	-1.24655659675206	-1.74696557875206	-3.02365883475206
10777500000	-5.31161511333931	1.83853240566069	1.28700398966069	0.172904894660689	-0.568992037339306	-1.17741028333931	-1.79210754733931	-2.85512807433931
10910000000	-5.73539264646687	1.48092537853313	1.39448231453313	0.177315005533131	-0.548423597466872	-1.10136118146687	-1.92283564846687	-2.95095835046687
11042500000	-5.67045577988198	1.65775361111802	1.41203750111801	0.199730288118019	-0.555407035881984	-1.20942073188198	-1.81422730488198	-2.93409138188198
11175000000	-5.96725153540362	1.48271046459638	1.43990274559638	0.154328593596382	-0.61546924040362	-1.08658958840362	-1.86008365840362	-2.84472436340362
11307500000	-6.57659763770139	0.960409955298609	1.59756116329861	0.254781529298604	-0.420017399701393	-1.05334832970139	-1.7219451667014	-2.88185737670139
11440000000	-6.6655508024055	1.09949323159451	1.5020121235945	0.235971641594503	-0.445152612405494	-0.955789954405496	-1.73870659040549	-2.8198332494055
11572500000	-6.69218257365227	0.932670514347734	1.49018179734773	0.157093618347737	-0.557470038652269	-0.936517527652263	-1.81189313965226	-2.79146940265227
11705000000	-7.32645899863204	0.596921622367958	1.61292205436796	0.265621857367954	-0.514251637632043	-1.15461056463204	-1.66457025463205	-2.81518844863204
11837500000	-7.34587988972236	0.513419032277639	1.66070770627764	0.375186532277638	-0.36956215472236	-0.84963076572236	-1.67355864572236	-2.76539843772236
11970000000	-7.582448650942	0.554550046057997	1.635447324058	0.388914070058	-0.503439688942002	-1.008277648942	-1.886598220942	-2.841786108942
12102500000	-7.90110739764795	0.146420161352054	1.65753931135205	0.418018556352052	-0.282079399647948	-1.10553890164795	-1.85044325764795	-2.75446484564795
12235000000	-7.98499813014439	0.0586716688556095	1.74623904085561	0.473484412855605	-0.356656891144389	-1.18284514314439	-1.70280040614439	-2.77071486714439
12367500000	-8.12009948324482	-0.0183043222448234	1.67980007375518	0.458931597755182	-0.161159532244817	-0.886826889244823	-1.65760363824482	-2.80958798024482
12500000000	-8.70581408195958	-0.474009674959582	1.66271611704042	0.482103029040417	-0.299003072959586	-0.970058951959587	-1.65507323395958	-2.69991597995958
12632500000	-8.98027665307163	-0.756785508071637	1.66160388892836	0.56265471192836	-0.407430468071638	-0.950941942071637	-1.63129597407164	-2.85115679807164
12765000000	-8.92615501392987	-0.852499754929873	1.67658312807013	0.540902419070129	-0.282452002929872	-0.885812085929871	-1.68967939292988	-2.80334472492987
12897500000	-9.17995960878305	-1.16146903878305	1.52778390221695	0.555401469216946	-0.33661441878305	-0.975670694783048	-1.67252603978305	-2.54060637778305
13030000000	-9.60069087254846	-1.48057456754845	1.44907727745154	0.598235461451544	-0.346308322548452	-0.911776941548453	-1.75612976354846	-2.91942127754845
13162500000	-9.99839437017932	-1.80251886917932	1.43913597882068	0.614595324820677	-0.373350718179324	-1.02750190617932	-1.67949086317932	-2.73462881817932
13295000000	-10.1754424856384	-1.90539607863839	1.35369885236161	0.583743810361611	-0.21153428463839	-0.883823172638394	-1.73759882963839	-2.55841462163839
13427500000	-10.5662924895257	-2.18716687052565	1.23640679147434	0.55953124847435	-0.163236367525656	-0.822536653525653	-1.81500890452566	-2.78963636452566
13560000000	-10.6360568430669	-2.51972899406687	1.19565916493313	0.658715874933137	-0.222822753066865	-0.858750149066864	-1.60230717006687	-2.87530822406686
13692500000	-11.3398922787744	-2.68540202977439	1.10321976122562	0.700570291225617	-0.128721549774383	-1.05330241177439	-1.70013595877439	-2.65820754877439
13825000000	-11.1281676151941	-3.0364827441941	0.954649764805907	0.540215353805905	-0.135362279194091	-0.94459579519409	-1.76250592019409	-2.69684970719409
13957500000	-11.8576668362894	-3.2206171412894	0.832402345710598	0.561610666710592	-0.269610869289401	-1.1415311312894	-1.5649913462894	-2.9168090862894
14090000000	-12.6011028334311	-3.36000294243107	0.885793688568931	0.765677655568929	-0.30900356743107	-0.923806724431067	-1.54742570243107	-2.53313988443107
14222500000	-12.5520391561147	-3.86952505511466	0.585928347885336	0.533889545885337	-0.0966108271146666	-0.886212831114662	-1.71599317711466	-2.63488218911466
14355000000	-12.2791541922175	-4.15850356821755	0.532051101782457	0.535708966782458	-0.135409164217542	-0.952931496217545	-1.86780975821755	-2.68041920721755
14487500000	-12.2439017754776	-4.48745671247761	0.540312838522389	0.540156584522386	-0.0820297384776083	-0.909472526477614	-1.59502207747761	-2.81397970147761
14620000000	-12.5566151202254	-4.57621115222539	0.271980344774605	0.616581336774608	-0.107220287225395	-0.97987550822539	-1.5817211362254	-2.6808249162254
14752500000	-13.1817608834104	-4.76305759441036	0.171748526589639	0.594333534589637	-0.260864049410365	-0.799006950410366	-1.57334431241036	-2.54940866241036
14885000000	-12.9931799783183	-4.95079490531831	0.18803504068169	0.516254261681688	-0.318127989318313	-0.842849255318313	-1.81191459931831	-2.82088452531831
15017500000	-13.3758303736889	-5.30064231368891	-0.0735963666889106	0.381185723311091	-0.0760254606889106	-0.877050193688909	-1.82551627568891	-2.89248829868891
15150000000	-13.4038105828024	-5.64900497780243	-0.382904289802426	0.447567924197571	-0.0813820468024247	-0.906261471802431	-1.75271021980243	-2.82729629980243
15282500000	-15.0897951407742	-5.61367202277415	-0.371680896774144	0.427831404225849	-0.250346648774148	-1.16798610777415	-2.00853234577415	-3.08219809577415
15415000000	-14.2598585260824	-5.76258853908239	-0.402484662082387	0.334725818917612	-0.242475886082389	-1.03951289708239	-2.13808529508239	-3.16760306908239
15547500000	-13.8184077551027	-6.21389153410274	-0.637985992102742	0.396599346897261	-0.30081765310274	-0.87412336510274	-1.62547970510274	-3.21855928710274
15680000000	-14.5466233343604	-6.54754214136038	-0.800221996360385	0.157390137639617	-0.474380064360382	-1.09434413236038	-2.24519162436038	-3.11949499436038
15812500000	-14.2786175264001	-6.63723341340013	-1.09159684640013	-0.0233978794001288	-0.363847113400126	-1.23964096240013	-2.13501071740013	-3.57149452940013
15945000000	-14.7331480776641	-7.05623980266405	-1.12006278266405	0.273359454335946	-0.460609667664052	-1.01998951466405	-2.19638641366405	-3.36113721966405
16077500000	-14.9748053781758	-7.26957969717581	-1.49579802017582	-0.0104789451758123	-0.479590234175816	-1.26579323417582	-2.09523081517582	-3.40494847617582
16210000000	-14.9855353312287	-7.57418437522875	-1.73574987022875	-0.175123546228747	-0.612131038228746	-1.36378843422875	-2.08494062422875	-3.56422870422875
16342500000	-16.3964007611653	-8.02613673016531	-2.02710213916531	-0.0596755731653147	-0.573773931165313	-1.16375271616531	-2.46619355116531	-3.84794843616531
16475000000	-14.9731500966475	-8.19759476064745	-1.85740210064745	-0.376020136647448	-0.713780016647448	-1.33321167264745	-2.33122735464745	-3.61935575664745
16607500000	-16.5336222429451	-8.50350870294508	-2.18332139994508	-0.485618570945078	-0.642069769945081	-1.35362852694508	-2.25392240994508	-3.45382326894508
16740000000	-15.7605524231747	-8.8420068161747	-2.40413412717469	-0.435462913174696	-0.673309644174694	-1.37025733917469	-2.2195058341747	-3.90941274917469
16872500000	-18.5226013172269	-8.87029984422686	-2.59732012522686	-0.537912791226859	-0.635333575226859	-1.39356197322686	-2.23733367822686	-3.61416815322686
17005000000	-17.020316338186	-8.85038406718601	-2.622984270186	-0.633611779186005	-0.749428228186005	-1.55474203818601	-2.310014946186	-3.753757912186
17137500000	-16.8482580900872	-9.30474904708724	-3.18708218708724	-0.973980443087243	-0.75301210608724	-1.55998775408725	-2.35276770308725	-3.90463324308724
17270000000	-16.8480595273064	-9.84539859730637	-3.29076515030637	-1.15235102930637	-0.855030353306368	-1.31738296030637	-2.44306005430637	-3.93703816530637
17402500000	-17.3863084894061	-9.98965015040606	-3.72113282140605	-1.25362220140605	-1.08485764840605	-1.57879935740606	-2.65787916740605	-4.04069477040606
17535000000	-17.7975933988409	-9.81419370984091	-3.90098762884091	-1.23837607684091	-1.05390711784091	-1.6180265938409	-2.5467475208409	-3.70391439684091
17667500000	-17.4643707720391	-9.99727210103907	-3.86114282403908	-1.26231088403907	-1.15848287803907	-1.58556325203907	-2.33266208203908	-3.91715342903908
17800000000	-16.878396229809	-9.90802441080905	-3.65486683480905	-1.19981237780905	-1.22015030980905	-1.70324980080905	-2.15884328880905	-4.00008466080905
17932500000	-17.6718793091451	-10.1825941161451	-4.18924074914513	-1.65736213614512	-1.33725852314512	-1.89804008114513	-2.58618246414513	-4.18805599314513
18065000000	-16.9473174435743	-10.8985356175743	-4.46920092657429	-1.58439997657429	-1.28596994057429	-2.05177693657429	-2.60698544557429	-4.42091781557428
18197500000	-16.0285718389586	-10.4835655659586	-4.55655859595859	-2.04796063095859	-1.59035712795859	-1.99282744595859	-2.89546706295859	-4.61878716095859
18330000000	-16.601108790469	-10.584790731469	-5.14574268746904	-2.02543684246904	-1.47466948146904	-2.21347487646904	-3.10619680146904	-4.50335195446904
18462500000	-19.4767381622077	-10.8127902492077	-5.10688360520771	-2.61700666020771	-1.68751877220771	-1.98164581620771	-3.26946310420771	-4.37143372820771
18595000000	-19.0296848019586	-11.2708389149586	-5.35713733895859	-2.37997794995859	-1.8299138269586	-2.1455064719586	-3.1062513309586	-5.0291270119586
18727500000	-19.130686050628	-11.918603780628	-5.665884891628	-2.89714704062801	-1.95913877162801	-2.103065278628	-3.123796888628	-5.164684888628
18860000000	-17.754056476398	-12.498990122398	-5.37777593339798	-3.08048665639798	-2.02006199139798	-2.44714210739798	-3.14102873939798	-4.84828657039798
18992500000	-19.3238056071629	-12.4398765031629	-6.06132432416288	-2.82258099116287	-2.12671736216287	-2.36840791416287	-3.25258978416287	-4.65456278016287
19125000000	-20.6658828177461	-12.6643947507461	-6.00791323774611	-3.02019792674611	-2.29482939974611	-2.53390426774611	-3.22185996474612	-4.68701483074612
19257500000	-20.0256618940534	-12.2058838550534	-6.24603371905338	-3.23829098905338	-1.98089641305338	-2.45579714805338	-3.25531743105338	-4.72000137305338
19390000000	-21.4239574812313	-13.0284473572313	-7.00410015123127	-3.40516331223127	-2.12820122523127	-2.35794407423127	-3.20420141123127	-4.97776757023126
19522500000	-20.0200431956917	-12.8555477516917	-6.88134277669174	-3.43044893869173	-2.26086275369173	-2.68026168769173	-3.06030046569173	-4.56428559569174
19655000000	-21.6279479493797	-13.2100515143797	-6.95397843937975	-3.60853504837974	-2.47856697237975	-2.37452251337974	-3.09170577037975	-4.58384487437974
19787500000	-20.9344551460041	-14.2783673440041	-6.79054039600407	-3.72250556200407	-2.62161493500407	-2.44616468700407	-3.15229687800407	-5.14557415000407
19920000000	-20.2779552041352	-14.0209276121352	-6.96976112413516	-3.54632946113516	-2.34536177513516	-2.78155091013516	-3.38814909713516	-4.86583339213516
20052500000	-21.5516011787305	-12.8312407657305	-7.62311127873054	-3.79220678773054	-2.30337203773054	-2.28882127973053	-3.13508975673054	-4.46370578973054
20185000000	-18.0061721238152	-13.6095426408152	-6.84872665981525	-3.80219429181525	-2.75843320981525	-2.69406788781525	-3.37576338181525	-4.85313102681525
20317500000	-19.2384155225378	-11.8277914305378	-7.91266568053783	-3.78253233653783	-2.82687108753784	-2.29795384353784	-3.48778307453784	-4.22540423353784
20450000000	-17.911282712616	-13.453146743616	-7.17599055261604	-4.21179230561604	-2.55614712861605	-2.38617869361605	-3.23558891161605	-4.90097572761604
20582500000	-16.9495997090094	-13.4875212690094	-7.33058695900942	-4.41422926100942	-3.08427490600942	-2.95586628200942	-3.37554941700942	-5.22195857800942
20715000000	-22.2089890840324	-14.9060641160324	-8.17555211703237	-4.26915999703238	-2.61793498703238	-2.57943951803237	-3.89878593003237	-5.87486328103238
20847500000	-21.0691290625679	-14.5469399345679	-7.91984540756785	-4.50717850856785	-3.14957219056785	-2.72191742356785	-3.66435023656785	-5.77968975956785
20980000000	-28.6060705577814	-14.8217209597814	-8.23726944378143	-4.57412237378143	-3.18516452478143	-2.78586722678143	-4.15138646278142	-5.21355823878142
21112500000	-22.4019333797267	-14.2633005857267	-8.64507757272668	-5.50689657172668	-3.44323370172668	-3.33352919572668	-4.05660602272668	-5.19902142072668
21245000000	-20.6477384738317	-15.2922770638317	-8.20174410383174	-5.03208202783174	-3.69172523083174	-3.37555896883174	-3.94254659883174	-5.59092811283174
21377500000	-21.7911983906365	-14.8813406676365	-9.48506116463654	-5.11909456163654	-3.61231380963654	-3.24422709063654	-4.42620248263654	-5.55903042063654
21510000000	-22.1473883547408	-14.7564685597409	-8.98636481274086	-5.73668344074086	-3.43319427674086	-3.22563560374086	-3.85095298874086	-6.08925773574086
21642500000	-26.2679661827115	-16.7020822497115	-9.0610251527115	-5.5933178377115	-3.6807611257115	-3.8133980807115	-4.6731514367115	-6.3404908437115
21775000000	-22.7191813744226	-16.8568638794226	-9.65326632542258	-6.06454195442258	-4.16828505642258	-3.74117646042258	-4.15592155842258	-6.01686517442258
21907500000	-27.4383105822476	-16.8133458592476	-10.3263485972476	-6.39130823724759	-5.17983390724759	-3.99671864024759	-4.25851935524759	-5.89389919024759
22040000000	-22.4154260537319	-17.6797576307319	-10.8271435587319	-6.14150384473194	-4.76928663673194	-4.27853944373194	-4.58362440473194	-6.09279345473194
22172500000	-24.3712233691075	-17.7649196671075	-10.4984223441075	-6.37562680010753	-4.54131962910753	-3.97075576110753	-4.58249615710753	-6.24741276110753
22305000000	-26.6909777839649	-15.5622153699649	-11.7397975779649	-6.58470349096489	-4.44924566096489	-3.92663664996489	-4.69402549996489	-7.00383479196489
22437500000	-22.5638078164014	-16.1857401724014	-10.9462627374014	-6.85528871440139	-4.97176106640139	-4.27244474540139	-4.84063087140139	-6.54895724240139
22570000000	-23.6796050031505	-17.1512196191505	-11.3541810471505	-7.19396687615046	-5.04885855015046	-4.53391173315047	-4.47946192515047	-6.74003641415047
22702500000	-22.423079284868	-16.565718978868	-10.024634234868	-6.88386503286802	-5.11519327086801	-4.09164648186801	-4.57506523986801	-6.37060697086801
22835000000	-23.2463631853263	-16.5488325573263	-11.3741079223263	-7.03494120432629	-4.71268479732629	-4.25165749832629	-4.91790585232629	-6.55392540132629
22967500000	-23.3755934006457	-16.2978692876457	-11.7657339736457	-7.8041519606457	-5.1935754116457	-4.6055574926457	-4.8638390816457	-7.2187638806457
23100000000	-25.6838333583802	-18.6946420153802	-11.8611423683802	-7.42118076738016	-5.18460383738016	-4.60597449138016	-5.19116631438016	-7.06304942538016
23232500000	-23.7820742882537	-16.8107746492537	-11.1709538782537	-8.24768394825374	-5.64279553825374	-4.83843501625373	-5.13156724925373	-7.41812895625373
23365000000	-23.4048064239002	-14.8075491439002	-10.9298633529002	-7.60886158290023	-5.93536657290023	-4.90805486390023	-5.31090259190023	-7.21219065190023
23497500000	-23.0160644595406	-18.2284176595406	-12.0596163955406	-7.64965729554058	-5.61948441854057	-4.74691462454058	-5.24163595554057	-7.11206898754057
23630000000	-27.4342202703208	-18.2126935793208	-11.5667395723208	-8.39980081232078	-6.06727891432077	-5.26264190632077	-5.66446757632077	-7.53911159032077
23762500000	-24.2235175517189	-17.8876284177189	-13.1462970137189	-8.88815806271891	-6.04003619971891	-4.86145360171891	-5.59033660671891	-8.1912510487189
23895000000	-21.9256831738114	-17.3144854768114	-11.8275092488114	-8.87323401281139	-6.2886552358114	-5.51530087681139	-6.2577527548114	-8.4525152458114
24027500000	-23.1200425249135	-20.6887357129134	-13.3127760119134	-9.20362155991345	-6.71875499891345	-5.69306774491345	-6.11650825491345	-8.37024352591345
24160000000	-25.3271509957782	-18.9258893757782	-12.8213924507782	-9.48433897577817	-7.14042427477817	-5.69294238577817	-5.85328259777817	-8.33537833777817
24292500000	-25.4275082334306	-18.4653453144306	-13.1935796504306	-9.93748889543058	-7.02556509443058	-6.28114323343058	-6.53304077343059	-8.24586049543058
24425000000	-27.7929504131871	-19.8469925831871	-14.3607531001871	-10.0324898281871	-7.32890403018711	-6.19055458718712	-6.90491177518712	-9.30489637718711
24557500000	-29.1333249367976	-19.1343043377976	-14.4585937267976	-10.0606636917976	-7.48929125879757	-6.67959823479757	-7.06393205879757	-8.58544052679757
24690000000	-26.8727972581928	-20.9815222381928	-14.0020826561928	-9.9829433391928	-7.6731618211928	-6.4050146931928	-6.8076436261928	-9.1747957871928
24822500000	-28.4332823450348	-21.2460997090348	-14.6694331040348	-10.1924869150348	-7.87588555203482	-6.42603349103482	-6.66176766303482	-8.61205056903483
24955000000	-23.1841087461355	-19.6625409171355	-13.8356067731355	-10.2342882371355	-7.50655463413553	-6.59243061613552	-6.34834774613552	-8.91187576513553
25087500000	-23.3362225688866	-18.8717385378866	-13.9176785358866	-10.2567187378866	-7.92488304588656	-6.73921317488656	-6.66083912188656	-9.58067076188656
25220000000	-25.5139005890931	-19.8390984660931	-15.2624911230931	-10.4543535080931	-8.38697179909309	-6.26339571309309	-6.79877748309309	-8.69868353709309
25352500000	-26.218810390558	-20.174495979558	-14.743102960558	-9.87552805155799	-7.79202792155799	-7.38186582055799	-7.40159009155799	-9.80620415855799
25485000000	-27.9024001343981	-21.1875503683981	-14.2455919273981	-10.4469514413981	-8.71278512739808	-6.92086502239808	-7.43379830139808	-9.81599370439807
25617500000	-26.8752488548928	-18.1271634698928	-14.5517779438928	-11.0531030878928	-7.78319853689282	-7.33248299389282	-7.34189331089282	-9.16110828789282
25750000000	-24.4188580588205	-20.6175140208205	-14.5605944858205	-10.4695822268205	-8.66774251882054	-7.40486422182054	-7.31055823782054	-9.93969679882054
25882500000	-31.6533148664508	-19.1527249364508	-14.4548976924508	-10.9649540364508	-8.67561255845081	-7.34966835845081	-7.4313026564508	-9.43495839545081
26015000000	-24.5196535771353	-21.7820714881353	-14.4115102711353	-11.2808664371353	-8.9906444421353	-7.5985532251353	-7.9656236381353	-9.4871460911353
26147500000	-25.0405241386133	-19.5774671306133	-15.1222805686133	-10.8918516796133	-8.30215884561333	-7.80398698961333	-7.69966239661333	-9.75057744961333
26280000000	-24.1790746700515	-18.8016205080515	-14.3035276130515	-11.4709796930515	-9.0402739890515	-7.49297706805149	-7.8327547480515	-10.4053176850515
26412500000	-28.2551477327309	-19.5745496487309	-14.5121061817309	-11.7035221177309	-9.47101364073091	-7.64395677173091	-8.40788477873091	-10.6681338777309
26545000000	-23.7220628662614	-19.8167838952614	-15.1503424082614	-12.5557455022614	-9.66118049926143	-7.73666341426143	-8.18763709526143	-10.9623764242614
